ATOMS
  *       x         y         z    ipot  Atom      Distance    Number
**********-  ********  ********  ******  ******  **********  ********
   0          0         0             0  Cu         0               0
   0          0        -2.52962       1  Cu         2.52962       112
   0          0         2.52962       1  Cu         2.52962       138
  -2.19072    0         1.26481       1  Cu         2.52963        55
   2.19072    0        -1.26481       1  Cu         2.52963       103
  -2.19072    0        -1.26481       1  Cu         2.52963        35
   2.19072    0         1.26481       1  Cu         2.52963       129
  -1.46048    2.06543   0             1  Cu         2.52963        52
   1.46048   -2.06543   0             1  Cu         2.52963        91
  -0.73024   -2.06543   1.26481       1  Cu         2.52963        18
   0.73024    2.06543  -1.26481       1  Cu         2.52963       109
  -0.73024   -2.06543  -1.26481       1  Cu         2.52963         2
   0.73024    2.06543   1.26481       1  Cu         2.52963       136
  -1.46048    2.06543  -2.52962       1  Cu         3.57743        33
  -1.46048    2.06543   2.52962       1  Cu         3.57743        51
   1.46048   -2.06543  -2.52962       1  Cu         3.57743        76
   1.46048   -2.06543   2.52962       1  Cu         3.57743        90
  -2.92096   -2.06543  -1e-08         1  Cu         3.57743        25
   2.92096    2.06543   1e-08         1  Cu         3.57743       126
  -2.19072    0         3.79444       1  Cu         4.38144        54
   2.19072    0        -3.79444       1  Cu         4.38144       104
  -2.19072    0        -3.79444       1  Cu         4.38144        36
   2.19072    0         3.79444       1  Cu         4.38144       128
  -0.73024   -2.06543   3.79444       1  Cu         4.38144        17
   0.73024    2.06543  -3.79444       1  Cu         4.38144       110
  -0.73024   -2.06543  -3.79444       1  Cu         4.38144         3
   0.73024    2.06543   3.79444       1  Cu         4.38144       135
  -3.6512     2.06543   1.26481       1  Cu         4.38144        61
   3.6512    -2.06543  -1.26481       1  Cu         4.38144        71
  -3.6512     2.06543  -1.26481       1  Cu         4.38144        41
   3.6512    -2.06543   1.26481       1  Cu         4.38144        84
  -4.38144    0        -1e-08         1  Cu         4.38144        64
   4.38144    0         1e-08         1  Cu         4.38144       121
  -2.92096   -2.06543   2.52962       1  Cu         4.38144        24
   2.92096    2.06543  -2.52962       1  Cu         4.38144       101
  -2.92096   -2.06543  -2.52962       1  Cu         4.38144         8
   2.92096    2.06543   2.52962       1  Cu         4.38144       125
  -0.730239   4.13086  -1.26481       1  Cu         4.38144        31
   0.730239  -4.13086   1.26481       1  Cu         4.38144        93
  -0.730239   4.13086   1.26481       1  Cu         4.38144        49
   0.730239  -4.13086  -1.26481       1  Cu         4.38144        78
  -1.46048   -4.13086  -1e-08         1  Cu         4.38144        21
   1.46048    4.13086   1e-08         1  Cu         4.38144       133
   0          0        -5.05925       1  Cu         5.05925       113
   0          0         5.05925       1  Cu         5.05925       137
  -4.38144    0         2.52962       1  Cu         5.05925        63
   4.38144    0        -2.52962       1  Cu         5.05925        97
  -4.38144    0        -2.52962       1  Cu         5.05925        43
   4.38144    0         2.52962       1  Cu         5.05925       120
  -2.92096    4.13086   0             1  Cu         5.05925        59
   2.92096   -4.13086   0             1  Cu         5.05925        87
  -1.46048   -4.13086   2.52962       1  Cu         5.05925        20
   1.46048    4.13086  -2.52962       1  Cu         5.05925       107
  -1.46048   -4.13086  -2.52962       1  Cu         5.05925         5
   1.46048    4.13086   2.52962       1  Cu         5.05925       132
  -1.46048    2.06543  -5.05925       1  Cu         5.65641        34
  -1.46048    2.06543   5.05925       1  Cu         5.65641        50
   1.46048   -2.06543  -5.05925       1  Cu         5.65641        77
   1.46048   -2.06543   5.05925       1  Cu         5.65641        89
  -3.6512     2.06543   3.79444       1  Cu         5.65641        60
   3.6512    -2.06543  -3.79444       1  Cu         5.65641        72
  -3.6512     2.06543  -3.79444       1  Cu         5.65641        42
   3.6512    -2.06543   3.79444       1  Cu         5.65641        83
  -0.730239   4.13086  -3.79444       1  Cu         5.65641        32
   0.730239  -4.13086   3.79444       1  Cu         5.65641        92
  -2.92096    4.13086  -2.52962       1  Cu         5.65641        39
  -2.92096    4.13086   2.52962       1  Cu         5.65641        58
   2.92096   -4.13086  -2.52962       1  Cu         5.65641        73
   2.92096   -4.13086   2.52962       1  Cu         5.65641        86
  -0.730239   4.13086   3.79444       1  Cu         5.65641        48
   0.730239  -4.13086  -3.79444       1  Cu         5.65641        79
  -5.11168   -2.06543   1.26481       1  Cu         5.65641        29
   5.11168    2.06543  -1.26481       1  Cu         5.65641        95
  -5.11168   -2.06543  -1.26481       1  Cu         5.65641        12
   5.11168    2.06543   1.26481       1  Cu         5.65641       118
  -3.6512    -4.13086   1.26481       1  Cu         5.65642        27
   3.6512     4.13086  -1.26481       1  Cu         5.65642        99
  -3.6512    -4.13086  -1.26481       1  Cu         5.65642        10
   3.6512     4.13086   1.26481       1  Cu         5.65642       123
  -2.92096   -2.06543   5.05925       1  Cu         6.19629        23
   2.92096    2.06543  -5.05925       1  Cu         6.19629       102
  -2.92096   -2.06543  -5.05925       1  Cu         6.19629         9
   2.92096    2.06543   5.05925       1  Cu         6.19629       124
  -5.84192    2.06543  -1e-08         1  Cu         6.19629        67
   5.84192   -2.06543   1e-08         1  Cu         6.19629        81
  -1e-06     -6.19629  -1e-08         1  Cu         6.19629        15
   1e-06      6.19629   1e-08         1  Cu         6.19629       140
  -2.19072    0         6.32406       1  Cu         6.69276        53
   2.19072    0        -6.32406       1  Cu         6.69276       105
  -2.19072    0        -6.32406       1  Cu         6.69276        37
   2.19072    0         6.32406       1  Cu         6.69276       127
  -0.73024   -2.06543   6.32406       1  Cu         6.69276        16
   0.73024    2.06543  -6.32406       1  Cu         6.69276       111
  -0.73024   -2.06543  -6.32406       1  Cu         6.69276         4
   0.73024    2.06543   6.32406       1  Cu         6.69276       134
  -4.38144    0         5.05925       1  Cu         6.69276        62
   4.38144    0        -5.05925       1  Cu         6.69276        98
  -4.38144    0        -5.05925       1  Cu         6.69276        44
   4.38144    0         5.05925       1  Cu         6.69276       119
  -5.84192    2.06543   2.52962       1  Cu         6.69276        66
   5.84192   -2.06543  -2.52962       1  Cu         6.69276        69
  -5.84192    2.06543  -2.52962       1  Cu         6.69276        46
   5.84192   -2.06543   2.52962       1  Cu         6.69276        80
  -6.57216    0         1.26481       1  Cu         6.69276        68
   6.57216    0        -1.26481       1  Cu         6.69276        94
  -6.57216    0        -1.26481       1  Cu         6.69276        47
   6.57216    0         1.26481       1  Cu         6.69276       115
  -5.11168   -2.06543   3.79444       1  Cu         6.69276        28
   5.11168    2.06543  -3.79444       1  Cu         6.69276        96
  -5.11168   -2.06543  -3.79444       1  Cu         6.69276        13
   5.11168    2.06543   3.79444       1  Cu         6.69276       117
  -1.46048   -4.13086   5.05925       1  Cu         6.69276        19
   1.46048    4.13086  -5.05925       1  Cu         6.69276       108
  -5.11168    4.13086   1.26481       1  Cu         6.69276        65
   5.11168   -4.13086  -1.26481       1  Cu         6.69276        70
  -5.11168    4.13086  -1.26481       1  Cu         6.69276        45
   5.11168   -4.13086   1.26481       1  Cu         6.69276        82
  -1.46048   -4.13086  -5.05925       1  Cu         6.69276         6
   1.46048    4.13086   5.05925       1  Cu         6.69276       131
  -3.6512    -4.13086   3.79444       1  Cu         6.69276        26
   3.6512     4.13086  -3.79444       1  Cu         6.69276       100
  -3.6512    -4.13086  -3.79444       1  Cu         6.69276        11
   3.6512     4.13086   3.79444       1  Cu         6.69276       122
  -2.19072    6.19629  -1.26481       1  Cu         6.69276        38
   2.19072   -6.19629   1.26481       1  Cu         6.69276        88
  -2.19072    6.19629   1.26481       1  Cu         6.69276        56
   2.19072   -6.19629  -1.26481       1  Cu         6.69276        75
  -1e-06     -6.19629   2.52962       1  Cu         6.69276        14
   1e-06      6.19629  -2.52962       1  Cu         6.69276       114
  -1e-06     -6.19629  -2.52962       1  Cu         6.69276         1
   1e-06      6.19629   2.52962       1  Cu         6.69276       139
  -2.19072   -6.19629   1.26481       1  Cu         6.69276        22
   2.19072    6.19629  -1.26481       1  Cu         6.69276       106
  -2.19072   -6.19629  -1.26481       1  Cu         6.69276         7
   2.19072    6.19629   1.26481       1  Cu         6.69276       130
  -2.92096    4.13086  -5.05925       1  Cu         7.15486        40
  -2.92096    4.13086   5.05925       1  Cu         7.15486        57
   2.92096   -4.13086  -5.05925       1  Cu         7.15486        74
   2.92096   -4.13086   5.05925       1  Cu         7.15486        85
  -5.84192   -4.13086  -2e-08         1  Cu         7.15486        30
   5.84192    4.13086   2e-08         1  Cu         7.15486       116
END
