 comment: None given                            Feff8L (EXAFS)       0.1
 Source:
 Structure Summary:  Cu1
 Reduced formula:  Cu
 space group: (Fm-3m), space number:  (225)
 abc:  2.529625   2.529626   2.529625
 angles: 60.000012  60.000004  60.000003
 sites: 1
 mp-30
 POT  Non-SCF, core-hole, AFOLP (folp(0)= 1.150)
 Abs   Z=29 Rmt= 1.435 Rnm= 1.488 K  shell
 Pot 1 Z=29 Rmt= 1.342 Rnm= 1.379
 Gam_ch=1.729E+00 H-L exch
 Mu=-4.000E+00 kf=1.839E+00 Vint=-1.688E+01 Rs_int= 1.973
 PATH  Rmax= 6.000,  Keep_limit= 0.00, Heap_limit 0.00  Pwcrit= 2.50%
 Path    3      icalc       2
 -----------------------------------------------------------------------
   3  48.000   3.7944    2.6084   -4.00020 nleg, deg, reff, rnrmav(bohr), edge
        x         y         z   pot at#
    -0.0000   -0.0000   -0.0000  0  29 Cu       absorbing atom
    -0.0000   -0.0000    2.5296  1  29 Cu
     0.7302    2.0654    1.2648  1  29 Cu
    k   real[2*phc]   mag[feff]  phase[feff] red factor   lambda     real[p]@#
  0.000  3.8918E+00  3.8920E-05 -1.5658E+00  9.898E-01  1.6213E+01  1.8397E+00
  0.100  3.8922E+00  1.8759E-02 -2.2978E+00  9.900E-01  1.6236E+01  1.8423E+00
  0.200  3.8934E+00  3.5565E-02 -2.9821E+00  9.906E-01  1.6303E+01  1.8501E+00
  0.300  3.8952E+00  4.8906E-02 -3.6211E+00  9.917E-01  1.6408E+01  1.8630E+00
  0.400  3.8974E+00  5.8003E-02 -4.2203E+00  9.931E-01  1.6541E+01  1.8810E+00
  0.500  3.8996E+00  6.2855E-02 -4.7852E+00  9.949E-01  1.6691E+01  1.9038E+00
  0.600  3.9014E+00  6.4046E-02 -5.3207E+00  9.971E-01  1.6841E+01  1.9315E+00
  0.700  3.9023E+00  6.2464E-02 -5.8299E+00  9.996E-01  1.6974E+01  1.9637E+00
  0.800  3.9019E+00  5.9005E-02 -6.3143E+00  1.002E+00  1.7072E+01  2.0003E+00
  0.900  3.8997E+00  5.4422E-02 -6.7738E+00  1.006E+00  1.7118E+01  2.0411E+00
  1.000  3.8950E+00  4.9275E-02 -7.2065E+00  1.009E+00  1.7097E+01  2.0860E+00
  1.100  3.8873E+00  4.3948E-02 -7.6094E+00  1.013E+00  1.6999E+01  2.1348E+00
  1.200  3.8763E+00  3.8687E-02 -7.9773E+00  1.018E+00  1.6818E+01  2.1874E+00
  1.300  3.8612E+00  3.3695E-02 -8.3035E+00  1.023E+00  1.6556E+01  2.2438E+00
  1.400  3.8417E+00  2.9166E-02 -8.5786E+00  1.028E+00  1.6222E+01  2.3037E+00
  1.500  3.8173E+00  2.5351E-02 -8.7920E+00  1.034E+00  1.5830E+01  2.3673E+00
  1.600  3.7875E+00  2.2605E-02 -8.9354E+00  1.040E+00  1.5398E+01  2.4344E+00
  1.700  3.7518E+00  2.1263E-02 -9.0211E+00  1.046E+00  1.4949E+01  2.5052E+00
  1.800  3.7099E+00  2.1500E-02 -9.0807E+00  1.053E+00  1.4507E+01  2.5797E+00
  1.900  3.6611E+00  2.3115E-02 -9.1533E+00  1.059E+00  1.4097E+01  2.6580E+00
  2.000  3.6049E+00  2.5629E-02 -9.2574E+00  1.065E+00  1.3747E+01  2.7403E+00
  2.200  3.4460E+00  3.0324E-02 -9.4874E+00  1.068E+00  1.3335E+01  2.9282E+00
  2.400  3.3111E+00  4.8634E-02 -9.9171E+00  1.228E+00  7.4014E+00  3.1090E+00
  2.600  3.2982E+00  6.0905E-02 -1.0406E+01  1.284E+00  6.2224E+00  3.2410E+00
  2.800  3.2657E+00  7.1457E-02 -1.0934E+01  1.306E+00  5.6954E+00  3.3783E+00
  3.000  3.2110E+00  7.8007E-02 -1.1470E+01  1.304E+00  5.4696E+00  3.5246E+00
  3.200  3.1436E+00  8.2872E-02 -1.1986E+01  1.294E+00  5.3973E+00  3.6770E+00
  3.400  3.0681E+00  8.5966E-02 -1.2489E+01  1.273E+00  5.4176E+00  3.8348E+00
  3.600  2.9859E+00  8.9190E-02 -1.2957E+01  1.252E+00  5.5001E+00  3.9976E+00
  3.800  2.9001E+00  9.0416E-02 -1.3389E+01  1.230E+00  5.6279E+00  4.1646E+00
  4.000  2.8107E+00  9.1500E-02 -1.3785E+01  1.208E+00  5.7904E+00  4.3353E+00
  4.200  2.7182E+00  9.1024E-02 -1.4139E+01  1.188E+00  5.9808E+00  4.5093E+00
  4.400  2.6245E+00  8.9257E-02 -1.4459E+01  1.169E+00  6.1944E+00  4.6862E+00
  4.600  2.5288E+00  8.6294E-02 -1.4750E+01  1.151E+00  6.4278E+00  4.8656E+00
  4.800  2.4315E+00  8.1890E-02 -1.5008E+01  1.134E+00  6.6784E+00  5.0471E+00
  5.000  2.3327E+00  7.6781E-02 -1.5243E+01  1.119E+00  6.9444E+00  5.2306E+00
  5.200  2.2325E+00  7.0934E-02 -1.5457E+01  1.105E+00  7.2242E+00  5.4157E+00
  5.400  2.1318E+00  6.4689E-02 -1.5652E+01  1.090E+00  7.5167E+00  5.6023E+00
  5.600  2.0307E+00  5.8320E-02 -1.5832E+01  1.078E+00  7.8208E+00  5.7901E+00
  5.800  1.9301E+00  5.1691E-02 -1.6000E+01  1.066E+00  8.1357E+00  5.9791E+00
  6.000  1.8310E+00  4.5380E-02 -1.6163E+01  1.054E+00  8.4608E+00  6.1691E+00
  6.500  1.5916E+00  3.0586E-02 -1.6574E+01  1.028E+00  9.3146E+00  6.6477E+00
  7.000  1.3664E+00  1.8680E-02 -1.7067E+01  1.009E+00  1.0222E+01  7.1305E+00
  7.500  1.1521E+00  1.0866E-02 -1.7750E+01  9.952E-01  1.1177E+01  7.6164E+00
  8.000  9.4287E-01  7.4985E-03 -1.8601E+01  9.842E-01  1.2178E+01  8.1047E+00
  8.500  7.4108E-01  6.8699E-03 -1.9306E+01  9.747E-01  1.3220E+01  8.5948E+00
  9.000  5.4915E-01  6.2718E-03 -1.9743E+01  9.662E-01  1.4301E+01  9.0865E+00
  9.500  3.6854E-01  5.4054E-03 -2.0013E+01  9.583E-01  1.5421E+01  9.5794E+00
 10.000  1.9673E-01  4.4481E-03 -2.0213E+01  9.502E-01  1.6576E+01  1.0073E+01
 11.000 -1.3601E-01  2.0948E-03 -2.0716E+01  9.364E-01  1.8989E+01  1.1063E+01
 12.000 -4.4804E-01  7.7892E-04 -1.7645E+01  9.271E-01  2.1532E+01  1.2055E+01
 13.000 -7.3308E-01  2.6307E-03 -1.8397E+01  9.227E-01  2.4196E+01  1.3049E+01
 14.000 -9.9940E-01  3.2628E-03 -1.8744E+01  9.206E-01  2.6974E+01  1.4044E+01
 15.000 -1.2447E+00  3.7038E-03 -1.8984E+01  9.200E-01  2.9863E+01  1.5040E+01
 16.000 -1.4731E+00  3.9433E-03 -1.9281E+01  9.206E-01  3.2855E+01  1.6036E+01
 17.000 -1.6865E+00  3.8966E-03 -1.9582E+01  9.216E-01  3.5948E+01  1.7033E+01
 18.000 -1.8849E+00  3.7545E-03 -1.9873E+01  9.231E-01  3.9136E+01  1.8031E+01
 19.000 -2.0715E+00  3.5946E-03 -2.0165E+01  9.248E-01  4.2416E+01  1.9029E+01
 20.000 -2.2460E+00  3.4254E-03 -2.0475E+01  9.265E-01  4.5786E+01  2.0027E+01
