 comment: None given                            Feff8L (EXAFS)       0.1
 Source:
 Structure Summary:  Cu1
 Reduced formula:  Cu
 space group: (Fm-3m), space number:  (225)
 abc:  2.529625   2.529626   2.529625
 angles: 60.000012  60.000004  60.000003
 sites: 1
 mp-30
 POT  Non-SCF, core-hole, AFOLP (folp(0)= 1.150)
 Abs   Z=29 Rmt= 1.435 Rnm= 1.488 K  shell
 Pot 1 Z=29 Rmt= 1.342 Rnm= 1.379
 Gam_ch=1.729E+00 H-L exch
 Mu=-4.000E+00 kf=1.839E+00 Vint=-1.688E+01 Rs_int= 1.973
 PATH  Rmax= 6.000,  Keep_limit= 0.00, Heap_limit 0.00  Pwcrit= 2.50%
 Path    9      icalc       2
 -----------------------------------------------------------------------
   3  12.000   5.0592    2.6084   -4.00020 nleg, deg, reff, rnrmav(bohr), edge
        x         y         z   pot at#
    -0.0000   -0.0000   -0.0000  0  29 Cu       absorbing atom
     0.7302    2.0654   -1.2648  1  29 Cu
    -0.7302   -2.0654    1.2648  1  29 Cu
    k   real[2*phc]   mag[feff]  phase[feff] red factor   lambda     real[p]@#
  0.000  3.8918E+00  1.5945E-04 -2.3111E+00  9.898E-01  1.6213E+01  1.8397E+00
  0.100  3.8922E+00  7.7245E-02 -3.2893E+00  9.900E-01  1.6236E+01  1.8423E+00
  0.200  3.8934E+00  1.4866E-01 -4.2079E+00  9.906E-01  1.6303E+01  1.8501E+00
  0.300  3.8952E+00  2.0955E-01 -5.0688E+00  9.917E-01  1.6408E+01  1.8630E+00
  0.400  3.8974E+00  2.5717E-01 -5.8777E+00  9.931E-01  1.6541E+01  1.8810E+00
  0.500  3.8996E+00  2.9095E-01 -6.6406E+00  9.949E-01  1.6691E+01  1.9038E+00
  0.600  3.9014E+00  3.1216E-01 -7.3628E+00  9.971E-01  1.6841E+01  1.9315E+00
  0.700  3.9023E+00  3.2313E-01 -8.0485E+00  9.996E-01  1.6974E+01  1.9637E+00
  0.800  3.9019E+00  3.2645E-01 -8.7005E+00  1.002E+00  1.7072E+01  2.0003E+00
  0.900  3.8997E+00  3.2444E-01 -9.3203E+00  1.006E+00  1.7118E+01  2.0411E+00
  1.000  3.8950E+00  3.1890E-01 -9.9086E+00  1.009E+00  1.7097E+01  2.0860E+00
  1.100  3.8873E+00  3.1105E-01 -1.0466E+01  1.013E+00  1.6999E+01  2.1348E+00
  1.200  3.8763E+00  3.0163E-01 -1.0991E+01  1.018E+00  1.6818E+01  2.1874E+00
  1.300  3.8612E+00  2.9104E-01 -1.1485E+01  1.023E+00  1.6556E+01  2.2438E+00
  1.400  3.8417E+00  2.7941E-01 -1.1946E+01  1.028E+00  1.6222E+01  2.3037E+00
  1.500  3.8173E+00  2.6676E-01 -1.2374E+01  1.034E+00  1.5830E+01  2.3673E+00
  1.600  3.7875E+00  2.5297E-01 -1.2768E+01  1.040E+00  1.5398E+01  2.4344E+00
  1.700  3.7518E+00  2.3799E-01 -1.3127E+01  1.046E+00  1.4949E+01  2.5052E+00
  1.800  3.7099E+00  2.2173E-01 -1.3448E+01  1.053E+00  1.4507E+01  2.5797E+00
  1.900  3.6611E+00  2.0416E-01 -1.3728E+01  1.059E+00  1.4097E+01  2.6580E+00
  2.000  3.6049E+00  1.8535E-01 -1.3965E+01  1.065E+00  1.3747E+01  2.7403E+00
  2.200  3.4460E+00  1.3717E-01 -1.4221E+01  1.068E+00  1.3335E+01  2.9282E+00
  2.400  3.3111E+00  1.2081E-01 -1.4648E+01  1.228E+00  7.4014E+00  3.1090E+00
  2.600  3.2982E+00  1.0427E-01 -1.5284E+01  1.284E+00  6.2224E+00  3.2410E+00
  2.800  3.2657E+00  8.2465E-02 -1.5778E+01  1.306E+00  5.6954E+00  3.3783E+00
  3.000  3.2110E+00  6.1198E-02 -1.6054E+01  1.304E+00  5.4696E+00  3.5246E+00
  3.200  3.1436E+00  4.3967E-02 -1.6105E+01  1.294E+00  5.3973E+00  3.6770E+00
  3.400  3.0681E+00  3.6910E-02 -1.5863E+01  1.273E+00  5.4176E+00  3.8348E+00
  3.600  2.9859E+00  4.1999E-02 -1.5522E+01  1.252E+00  5.5001E+00  3.9976E+00
  3.800  2.9001E+00  5.8851E-02 -1.5336E+01  1.230E+00  5.6279E+00  4.1646E+00
  4.000  2.8107E+00  8.4007E-02 -1.5295E+01  1.208E+00  5.7904E+00  4.3353E+00
  4.200  2.7182E+00  1.1508E-01 -1.5331E+01  1.188E+00  5.9808E+00  4.5093E+00
  4.400  2.6245E+00  1.5024E-01 -1.5410E+01  1.169E+00  6.1944E+00  4.6862E+00
  4.600  2.5288E+00  1.8885E-01 -1.5516E+01  1.151E+00  6.4278E+00  4.8656E+00
  4.800  2.4315E+00  2.2775E-01 -1.5622E+01  1.134E+00  6.6784E+00  5.0471E+00
  5.000  2.3327E+00  2.6720E-01 -1.5737E+01  1.119E+00  6.9444E+00  5.2306E+00
  5.200  2.2325E+00  3.0626E-01 -1.5854E+01  1.105E+00  7.2242E+00  5.4157E+00
  5.400  2.1318E+00  3.4324E-01 -1.5965E+01  1.090E+00  7.5167E+00  5.6023E+00
  5.600  2.0307E+00  3.7823E-01 -1.6073E+01  1.078E+00  7.8208E+00  5.7901E+00
  5.800  1.9301E+00  4.0937E-01 -1.6176E+01  1.066E+00  8.1357E+00  5.9791E+00
  6.000  1.8310E+00  4.3663E-01 -1.6276E+01  1.054E+00  8.4608E+00  6.1691E+00
  6.500  1.5916E+00  4.8033E-01 -1.6503E+01  1.028E+00  9.3146E+00  6.6477E+00
  7.000  1.3664E+00  4.8910E-01 -1.6713E+01  1.009E+00  1.0222E+01  7.1305E+00
  7.500  1.1521E+00  4.7099E-01 -1.6913E+01  9.952E-01  1.1177E+01  7.6164E+00
  8.000  9.4287E-01  4.3704E-01 -1.7102E+01  9.842E-01  1.2178E+01  8.1047E+00
  8.500  7.4108E-01  3.9135E-01 -1.7286E+01  9.747E-01  1.3220E+01  8.5948E+00
  9.000  5.4915E-01  3.4043E-01 -1.7470E+01  9.662E-01  1.4301E+01  9.0865E+00
  9.500  3.6854E-01  2.8906E-01 -1.7660E+01  9.583E-01  1.5421E+01  9.5794E+00
 10.000  1.9673E-01  2.4252E-01 -1.7860E+01  9.502E-01  1.6576E+01  1.0073E+01
 11.000 -1.3601E-01  1.6879E-01 -1.8270E+01  9.364E-01  1.8989E+01  1.1063E+01
 12.000 -4.4804E-01  1.1583E-01 -1.8688E+01  9.271E-01  2.1532E+01  1.2055E+01
 13.000 -7.3308E-01  8.0554E-02 -1.9111E+01  9.227E-01  2.4196E+01  1.3049E+01
 14.000 -9.9940E-01  5.6288E-02 -1.9532E+01  9.206E-01  2.6974E+01  1.4044E+01
 15.000 -1.2447E+00  3.9370E-02 -1.9948E+01  9.200E-01  2.9863E+01  1.5040E+01
 16.000 -1.4731E+00  2.7359E-02 -2.0332E+01  9.206E-01  3.2855E+01  1.6036E+01
 17.000 -1.6865E+00  1.9005E-02 -2.0675E+01  9.216E-01  3.5948E+01  1.7033E+01
 18.000 -1.8849E+00  1.3565E-02 -2.0973E+01  9.231E-01  3.9136E+01  1.8031E+01
 19.000 -2.0715E+00  9.9333E-03 -2.1233E+01  9.248E-01  4.2416E+01  1.9029E+01
 20.000 -2.2460E+00  7.6096E-03 -2.1431E+01  9.265E-01  4.5786E+01  2.0027E+01
