# comment: None given                          Feff8L (EXAFS)       0.1      
# Source:
# Structure Summary:  Cu1
# Reduced formula:  Cu
# space group: (Fm-3m), space number:  (225)
# abc:  2.529625   2.529626   2.529625
# angles: 60.000012  60.000004  60.000003
# sites: 1
# mp-30
# POT  Non-SCF, core-hole, AFOLP (folp(0)= 1.150)
# Abs   Z=29 Rmt= 1.435 Rnm= 1.488 K  shell
# Pot 1 Z=29 Rmt= 1.342 Rnm= 1.379
# Gam_ch=1.729E+00 H-L exch
# Mu=-4.000E+00 kf=1.839E+00 Vint=-1.688E+01 Rs_int= 1.973
# PATH  Rmax= 6.000,  Keep_limit= 0.00, Heap_limit 0.00  Pwcrit= 2.50%
#  S02=1.000                                        Global_sig2= 0.00000
#  Curved wave amplitude ratio filter   4.000%
#     file         sig2 tot  cw amp ratio   deg  nlegs   reff  inp sig2
#           1       0.00000    100.00     12.00     2   2.5296
#           2       0.00000     23.06      6.00     2   3.5774
#           3       0.00000     12.69     48.00     3   3.7944
#           4       0.00000      9.83     48.00     3   4.3183
#           5       0.00000     56.07     24.00     2   4.3814
#           6       0.00000     11.91     48.00     3   4.7203
#           7       0.00000     26.77     96.00     3   4.7203
#           8       0.00000     19.28     12.00     2   5.0593
#           9       0.00000      9.77     12.00     3   5.0592
#          10       0.00000     45.36     24.00     3   5.0592
#          11       0.00000      9.59     12.00     4   5.0593
#          12       0.00000      4.53     12.00     4   5.0592
#          14       0.00000     32.91     12.00     4   5.0593
#          16       0.00000      4.84     48.00     3   5.2442
#          17       0.00000     28.47     24.00     2   5.6564
#          18       0.00000      9.97     48.00     3   5.8817
#          19       0.00000      8.16     48.00     3   5.8817
#          20       0.00000      8.90     48.00     3   5.8817
#          21       0.00000      5.97     96.00     3   5.9852
#          22       0.00000      5.99     96.00     3   5.9852
#          23       0.00000      6.05     96.00     4   5.9852
#          24       0.00000      6.51     96.00     4   5.9852
#    22/  23 paths used
#  xsedge+50, used to normalize mu           2.4719E-04
#  -----------------------------------------------------------------------
#  omega    e    k    mu    mu0     chi     @#
    8988.542     -3.991   0.050  3.24799E-01  4.87829E-01 -1.71182E-01
    8988.570     -3.962   0.100  3.20540E-01  4.94548E-01 -1.82640E-01
    8988.618     -3.914   0.150  3.08890E-01  5.14495E-01 -2.15568E-01
    8988.685     -3.848   0.200  2.97772E-01  5.34442E-01 -2.47867E-01
    8988.770     -3.762   0.250  2.81106E-01  5.65626E-01 -2.97460E-01
    8988.875     -3.657   0.300  2.66587E-01  5.96809E-01 -3.44639E-01
    8988.999     -3.533   0.350  2.47221E-01  6.33411E-01 -4.02136E-01
    8989.142     -3.391   0.400  2.33196E-01  6.70013E-01 -4.53826E-01
    8989.304     -3.229   0.450  2.14844E-01  7.04490E-01 -5.07369E-01
    8989.485     -3.048   0.500  2.06123E-01  7.38966E-01 -5.50677E-01
    8989.685     -2.848   0.550  1.96475E-01  7.67038E-01 -5.87987E-01
    8989.904     -2.629   0.600  2.00532E-01  7.95110E-01 -6.11002E-01
    8990.142     -2.390   0.650  2.08957E-01  8.16513E-01 -6.22555E-01
    8990.399     -2.133   0.700  2.33551E-01  8.37916E-01 -6.17521E-01
    8990.675     -1.857   0.750  2.66633E-01  8.54008E-01 -5.98539E-01
    8990.971     -1.562   0.800  3.15904E-01  8.70100E-01 -5.63206E-01
    8991.285     -1.247   0.850  3.75067E-01  8.82282E-01 -5.14222E-01
    8991.618     -0.914   0.900  4.47816E-01  8.94463E-01 -4.51732E-01
    8991.971     -0.562   0.950  5.29066E-01  9.03762E-01 -3.78214E-01
    8992.342     -0.190   1.000  6.18968E-01  9.13061E-01 -2.96270E-01
    8992.733      0.200   1.050  7.13544E-01  9.20165E-01 -2.07849E-01
    8993.142      0.610   1.100  8.10124E-01  9.27270E-01 -1.17671E-01
    8993.571      1.039   1.150  9.05789E-01  9.32637E-01 -2.69457E-02
    8994.019      1.486   1.200  9.96057E-01  9.38005E-01  5.82124E-02
    8994.485      1.953   1.250  1.07904E+00  9.41952E-01  1.37435E-01
    8994.971      2.439   1.300  1.14979E+00  9.45899E-01  2.04355E-01
    8995.476      2.943   1.350  1.20766E+00  9.48661E-01  2.59689E-01
    8996.000      3.467   1.400  1.24862E+00  9.51423E-01  2.98100E-01
    8996.543      4.010   1.450  1.27360E+00  9.53187E-01  3.21691E-01
    8997.105      4.572   1.500  1.28070E+00  9.54950E-01  3.27370E-01
    8997.686      5.153   1.550  1.27262E+00  9.55875E-01  3.18806E-01
    8998.286      5.753   1.600  1.25037E+00  9.56799E-01  2.95922E-01
    8998.905      6.372   1.650  1.21778E+00  9.57027E-01  2.63362E-01
    8999.543      7.011   1.700  1.17882E+00  9.57254E-01  2.24228E-01
    9000.200      7.668   1.750  1.13766E+00  9.56912E-01  1.83357E-01
    9000.877      8.344   1.800  1.09955E+00  9.56570E-01  1.45381E-01
    9001.572      9.039   1.850  1.06754E+00  9.55756E-01  1.13960E-01
    9002.286      9.754   1.900  1.04549E+00  9.54943E-01  9.25537E-02
    9003.020     10.487   1.950  1.03373E+00  9.53429E-01  8.23176E-02
    9003.772     11.240   2.000  1.03251E+00  9.51915E-01  8.28456E-02
    9004.544     12.011   2.050  1.04178E+00  9.51751E-01  9.29153E-02
    9005.334     12.802   2.100  1.05429E+00  9.51587E-01  1.06420E-01
    9006.144     13.611   2.150  1.06374E+00  9.51424E-01  1.16837E-01
    9006.973     14.440   2.200  1.06481E+00  9.51260E-01  1.18596E-01
    9007.820     15.288   2.250  1.05861E+00  9.55326E-01  1.07872E-01
    9008.687     16.155   2.300  1.03841E+00  9.59393E-01  8.25152E-02
    9009.573     17.040   2.350  1.00697E+00  9.63460E-01  4.54339E-02
    9010.478     17.945   2.400  9.70090E-01  9.67527E-01  2.67637E-03
    9011.402     18.869   2.450  9.36211E-01  9.69069E-01 -3.42983E-02
    9012.345     19.812   2.500  9.04476E-01  9.70612E-01 -6.90179E-02
    9013.307     20.774   2.550  8.78345E-01  9.72154E-01 -9.78719E-02
    9014.288     21.755   2.600  8.60671E-01  9.73696E-01 -1.17892E-01
    9015.288     22.755   2.650  8.48627E-01  9.74629E-01 -1.31254E-01
    9016.307     23.775   2.700  8.46894E-01  9.75562E-01 -1.33855E-01
    9017.345     24.813   2.750  8.55351E-01  9.76495E-01 -1.25862E-01
    9018.402     25.870   2.800  8.72731E-01  9.77428E-01 -1.08632E-01
    9019.479     26.946   2.850  8.95099E-01  9.78349E-01 -8.61854E-02
    9020.574     28.042   2.900  9.23269E-01  9.79269E-01 -5.78466E-02
    9021.689     29.156   2.950  9.54022E-01  9.80190E-01 -2.69704E-02
    9022.822     30.290   3.000  9.84050E-01  9.81110E-01  3.02289E-03
    9023.975     31.442   3.050  1.01333E+00  9.82294E-01  3.18518E-02
    9025.146     32.614   3.100  1.03785E+00  9.83479E-01  5.56793E-02
    9026.337     33.804   3.150  1.05546E+00  9.84663E-01  7.23369E-02
    9027.546     35.014   3.200  1.06492E+00  9.85847E-01  8.06229E-02
    9028.775     36.243   3.250  1.06960E+00  9.86916E-01  8.41039E-02
    9030.023     37.491   3.300  1.06631E+00  9.87985E-01  7.94768E-02
    9031.290     38.757   3.350  1.05564E+00  9.89054E-01  6.74069E-02
    9032.576     40.043   3.400  1.03876E+00  9.90123E-01  4.91171E-02
    9033.881     41.348   3.450  1.01901E+00  9.91373E-01  2.78467E-02
    9035.204     42.672   3.500  9.96296E-01  9.92624E-01  3.69231E-03
    9036.548     44.015   3.550  9.72811E-01  9.93874E-01 -2.11282E-02
    9037.910     45.377   3.600  9.50746E-01  9.95124E-01 -4.44167E-02
    9039.291     46.758   3.650  9.32101E-01  9.96319E-01 -6.41477E-02
    9040.691     48.158   3.700  9.18972E-01  9.97514E-01 -7.83014E-02
    9042.110     49.578   3.750  9.12525E-01  9.98709E-01 -8.57524E-02
    9043.548     51.016   3.800  9.12911E-01  9.99904E-01 -8.63881E-02
    9045.006     52.473   3.850  9.19730E-01  1.00100E+00 -8.05705E-02
    9046.482     53.950   3.900  9.32285E-01  1.00210E+00 -6.90957E-02
    9047.977     55.445   3.950  9.48320E-01  1.00319E+00 -5.42203E-02
    9049.492     56.960   4.000  9.65142E-01  1.00429E+00 -3.86172E-02
    9051.025     58.493   4.050  9.81078E-01  1.00505E+00 -2.36161E-02
    9052.578     60.046   4.100  9.93527E-01  1.00580E+00 -1.20807E-02
    9054.150     61.617   4.150  1.00126E+00  1.00656E+00 -5.20423E-03
    9055.740     63.208   4.200  1.00433E+00  1.00731E+00 -2.92516E-03
    9057.350     64.818   4.250  1.00422E+00  1.00783E+00 -3.54173E-03
    9058.979     66.446   4.300  1.00277E+00  1.00835E+00 -5.48140E-03
    9060.627     68.094   4.350  1.00276E+00  1.00887E+00 -5.99844E-03
    9062.293     69.761   4.400  1.00692E+00  1.00940E+00 -2.42134E-03
    9063.979     71.447   4.450  1.01636E+00  1.00954E+00  6.68372E-03
    9065.684     73.152   4.500  1.03213E+00  1.00968E+00  2.19860E-02
    9067.408     74.876   4.550  1.05334E+00  1.00983E+00  4.26123E-02
    9069.151     76.619   4.600  1.07761E+00  1.00997E+00  6.62336E-02
    9070.914     78.381   4.650  1.10025E+00  1.00965E+00  8.87376E-02
    9072.695     80.162   4.700  1.11863E+00  1.00933E+00  1.07081E-01
    9074.495     81.963   4.750  1.12952E+00  1.00901E+00  1.18080E-01
    9076.314     83.782   4.800  1.13073E+00  1.00868E+00  1.19608E-01
    9078.153     85.620   4.850  1.12146E+00  1.00825E+00  1.11020E-01
    9080.010     87.477   4.900  1.10330E+00  1.00781E+00  9.36940E-02
    9081.886     89.354   4.950  1.07854E+00  1.00737E+00  6.98690E-02
    9083.782     91.249   5.000  1.05021E+00  1.00694E+00  4.25053E-02
    9085.696     93.164   5.050  1.02144E+00  1.00630E+00  1.48836E-02
    9087.630     95.097   5.100  9.94624E-01  1.00566E+00 -1.08581E-02
    9089.582     97.050   5.150  9.71142E-01  1.00503E+00 -3.33522E-02
    9091.554     99.022   5.200  9.51336E-01  1.00439E+00 -5.22549E-02
    9093.545    101.012   5.250  9.34375E-01  1.00355E+00 -6.81762E-02
    9095.555    103.022   5.300  9.19651E-01  1.00272E+00 -8.19097E-02
    9097.583    105.051   5.350  9.06547E-01  1.00188E+00 -9.40605E-02
    9099.631    107.099   5.400  8.95027E-01  1.00105E+00 -1.04662E-01
    9101.698    109.166   5.450  8.86022E-01  1.00040E+00 -1.12970E-01
    9103.784    111.252   5.500  8.80775E-01  9.99748E-01 -1.17575E-01
    9105.889    113.357   5.550  8.80812E-01  9.99099E-01 -1.16959E-01
    9108.013    115.481   5.600  8.87302E-01  9.98449E-01 -1.09959E-01
    9110.156    117.624   5.650  9.01051E-01  9.97920E-01 -9.58682E-02
    9112.319    119.786   5.700  9.20774E-01  9.97390E-01 -7.58524E-02
    9114.500    121.967   5.750  9.44543E-01  9.96860E-01 -5.18158E-02
    9116.700    124.168   5.800  9.69778E-01  9.96331E-01 -2.63076E-02
    9118.919    126.387   5.850  9.93976E-01  9.95858E-01 -1.86467E-03
    9121.158    128.625   5.900  1.01497E+00  9.95384E-01  1.94174E-02
    9123.415    130.883   5.950  1.03211E+00  9.94911E-01  3.68795E-02
    9125.692    133.159   6.000  1.04614E+00  9.94438E-01  5.12660E-02
    9127.987    135.455   6.050  1.05921E+00  9.94207E-01  6.44629E-02
    9130.302    137.769   6.100  1.07351E+00  9.93976E-01  7.88904E-02
    9132.635    140.103   6.150  1.09097E+00  9.93745E-01  9.64441E-02
    9134.988    142.456   6.200  1.11205E+00  9.93514E-01  1.17594E-01
    9137.360    144.827   6.250  1.13517E+00  9.93283E-01  1.40772E-01
    9139.750    147.218   6.300  1.15658E+00  9.93052E-01  1.62266E-01
    9142.160    149.628   6.350  1.17092E+00  9.92821E-01  1.76742E-01
    9144.589    152.057   6.400  1.17224E+00  9.92590E-01  1.78307E-01
    9147.037    154.505   6.450  1.15550E+00  9.92359E-01  1.61940E-01
    9149.504    156.972   6.500  1.11799E+00  9.92128E-01  1.24941E-01
    9151.990    159.458   6.550  1.05936E+00  9.91848E-01  6.70443E-02
    9154.495    161.963   6.600  9.85778E-01  9.91568E-01 -5.75226E-03
    9157.019    164.487   6.650  9.06007E-01  9.91288E-01 -8.47631E-02
    9159.562    167.030   6.700  8.31047E-01  9.91009E-01 -1.59054E-01
    9162.125    169.592   6.750  7.72178E-01  9.90729E-01 -2.17400E-01
    9164.706    172.173   6.800  7.38758E-01  9.90449E-01 -2.50467E-01
    9167.306    174.774   6.850  7.36267E-01  9.90170E-01 -2.52771E-01
    9169.925    177.393   6.900  7.65033E-01  9.89890E-01 -2.23946E-01
    9172.564    180.031   6.950  8.19958E-01  9.89610E-01 -1.69033E-01
    9175.221    182.689   7.000  8.91343E-01  9.89330E-01 -9.76700E-02
    9177.898    185.365   7.050  9.66616E-01  9.88580E-01 -2.19158E-02
    9180.593    188.061   7.100  1.03228E+00  9.87830E-01  4.43981E-02
    9183.308    190.776   7.150  1.07764E+00  9.87079E-01  9.05610E-02
    9186.042    193.509   7.200  1.09654E+00  9.86329E-01  1.10329E-01
    9188.794    196.262   7.250  1.08846E+00  9.85578E-01  1.03105E-01
    9191.566    199.034   7.300  1.05852E+00  9.84828E-01  7.39299E-02
    9194.357    201.825   7.350  1.01622E+00  9.84078E-01  3.22844E-02
    9197.167    204.634   7.400  9.73339E-01  9.83327E-01 -1.00421E-02
    9199.996    207.463   7.450  9.41297E-01  9.82577E-01 -4.15466E-02
    9202.844    210.311   7.500  9.28712E-01  9.81827E-01 -5.35149E-02
    9205.711    213.178   7.550  9.39643E-01  9.80698E-01 -4.14267E-02
    9208.597    216.064   7.600  9.72350E-01  9.79570E-01 -7.29580E-03
    9211.502    218.969   7.650  1.01995E+00  9.78441E-01  4.20140E-02
    9214.426    221.894   7.700  1.07211E+00  9.77312E-01  9.60914E-02
    9217.369    224.837   7.750  1.11734E+00  9.76184E-01  1.43295E-01
    9220.332    227.799   7.800  1.14549E+00  9.75055E-01  1.73279E-01
    9223.313    230.780   7.850  1.14988E+00  9.73927E-01  1.79167E-01
    9226.313    233.781   7.900  1.12862E+00  9.72798E-01  1.58908E-01
    9229.333    236.800   7.950  1.08481E+00  9.71670E-01  1.15553E-01
    9232.371    239.839   8.000  1.02570E+00  9.70541E-01  5.64221E-02
    9235.429    242.896   8.050  9.60914E-01  9.69393E-01 -8.68669E-03
    9238.505    245.973   8.100  9.00976E-01  9.68246E-01 -6.90155E-02
    9241.601    249.068   8.150  8.54133E-01  9.67098E-01 -1.16068E-01
    9244.715    252.183   8.200  8.25324E-01  9.65950E-01 -1.44705E-01
    9247.849    255.317   8.250  8.15556E-01  9.64802E-01 -1.53804E-01
    9251.002    258.469   8.300  8.22222E-01  9.63655E-01 -1.45969E-01
    9254.174    261.641   8.350  8.40186E-01  9.62507E-01 -1.26433E-01
    9257.365    264.832   8.400  8.63323E-01  9.61359E-01 -1.01484E-01
    9260.574    268.042   8.450  8.86099E-01  9.60211E-01 -7.68332E-02
    9263.803    271.271   8.500  9.04805E-01  9.59063E-01 -5.63347E-02
    9267.051    274.519   8.550  9.18345E-01  9.58160E-01 -4.13878E-02
    9270.318    277.786   8.600  9.27673E-01  9.57257E-01 -3.07887E-02
    9273.605    281.072   8.650  9.35482E-01  9.56354E-01 -2.17470E-02
    9276.910    284.377   8.700  9.44902E-01  9.55451E-01 -1.10040E-02
    9280.234    287.702   8.750  9.58340E-01  9.54547E-01  3.96054E-03
    9283.577    291.045   8.800  9.76617E-01  9.53644E-01  2.40214E-02
    9286.940    294.407   8.850  9.98624E-01  9.52741E-01  4.80338E-02
    9290.321    297.788   8.900  1.02155E+00  9.51838E-01  7.30704E-02
    9293.721    301.189   8.950  1.04163E+00  9.50935E-01  9.51728E-02
    9297.141    304.608   9.000  1.05510E+00  9.50031E-01  1.10387E-01
    9300.579    308.047   9.050  1.05948E+00  9.49277E-01  1.15891E-01
    9304.037    311.504   9.100  1.05329E+00  9.48523E-01  1.10276E-01
    9307.513    314.981   9.150  1.03733E+00  9.47769E-01  9.43609E-02
    9311.009    318.477   9.200  1.01414E+00  9.47014E-01  7.07949E-02
    9314.524    321.991   9.250  9.87353E-01  9.46260E-01  4.33797E-02
    9318.058    325.525   9.300  9.60793E-01  9.45506E-01  1.61532E-02
    9321.610    329.078   9.350  9.37654E-01  9.44752E-01 -7.50703E-03
    9325.182    332.650   9.400  9.19884E-01  9.43998E-01 -2.55289E-02
    9328.773    336.241   9.450  9.07957E-01  9.43243E-01 -3.73943E-02
    9332.383    339.851   9.500  9.01039E-01  9.42489E-01 -4.39685E-02
    9336.012    343.480   9.550  8.97391E-01  9.41631E-01 -4.69734E-02
    9339.660    347.128   9.600  8.95323E-01  9.40773E-01 -4.83047E-02
    9343.327    350.795   9.650  8.93171E-01  9.39915E-01 -4.97285E-02
    9347.013    354.481   9.700  8.89991E-01  9.39057E-01 -5.22500E-02
    9350.719    358.186   9.750  8.85762E-01  9.38198E-01 -5.58933E-02
    9354.443    361.910   9.800  8.81320E-01  9.37340E-01 -5.97720E-02
    9358.186    365.654   9.850  8.78056E-01  9.36482E-01 -6.24003E-02
    9361.949    369.416   9.900  8.77503E-01  9.35624E-01 -6.21357E-02
    9365.730    373.198   9.950  8.80918E-01  9.34766E-01 -5.76240E-02
    9369.530    376.998  10.000  8.88970E-01  9.33908E-01 -4.81363E-02
    9373.350    380.818  10.050  9.01136E-01  9.32840E-01 -3.39980E-02
    9377.188    384.656  10.100  9.17237E-01  9.31772E-01 -1.56041E-02
    9381.046    388.514  10.150  9.36042E-01  9.30705E-01  5.73552E-03
    9384.923    392.390  10.200  9.55831E-01  9.29637E-01  2.81816E-02
    9388.818    396.286  10.250  9.74598E-01  9.28569E-01  4.95765E-02
    9392.733    400.201  10.300  9.90279E-01  9.27502E-01  6.76913E-02
    9396.667    404.135  10.350  1.00100E+00  9.26434E-01  8.04890E-02
    9400.620    408.087  10.400  1.00531E+00  9.25367E-01  8.63897E-02
    9404.592    412.059  10.450  1.00242E+00  9.24299E-01  8.45143E-02
    9408.583    416.050  10.500  9.92366E-01  9.23231E-01  7.48786E-02
    9412.593    420.060  10.550  9.76112E-01  9.22164E-01  5.84951E-02
    9416.622    424.089  10.600  9.55496E-01  9.21096E-01  3.73412E-02
    9420.670    428.138  10.650  9.33059E-01  9.20028E-01  1.41607E-02
    9424.737    432.205  10.700  9.11695E-01  9.18961E-01 -7.90422E-03
    9428.823    436.291  10.750  8.94191E-01  9.17893E-01 -2.58144E-02
    9432.929    440.396  10.800  8.82717E-01  9.16825E-01 -3.71901E-02
    9437.053    444.520  10.850  8.78372E-01  9.15758E-01 -4.08097E-02
    9441.196    448.664  10.900  8.80896E-01  9.14690E-01 -3.69301E-02
    9445.359    452.826  10.950  8.88643E-01  9.13622E-01 -2.73278E-02
    9449.540    457.008  11.000  8.98847E-01  9.12555E-01 -1.50130E-02
    9453.741    461.208  11.050  9.08319E-01  9.11549E-01 -3.54201E-03
    9457.960    465.428  11.100  9.13701E-01  9.10544E-01  3.46507E-03
    9462.199    469.666  11.150  9.12591E-01  9.09539E-01  3.35309E-03
    9466.456    473.924  11.200  9.04113E-01  9.08533E-01 -4.86104E-03
    9470.733    478.201  11.250  8.89246E-01  9.07528E-01 -2.01245E-02
    9475.029    482.496  11.300  8.70734E-01  9.06523E-01 -3.94348E-02
    9479.344    486.811  11.350  8.52581E-01  9.05517E-01 -5.83875E-02
    9483.677    491.145  11.400  8.39223E-01  9.04512E-01 -7.20856E-02
    9488.030    495.498  11.450  8.34541E-01  9.03507E-01 -7.62222E-02
    9492.402    499.870  11.500  8.40949E-01  9.02501E-01 -6.80976E-02
    9496.793    504.261  11.550  8.58753E-01  9.01496E-01 -4.73353E-02
    9501.203    508.671  11.600  8.85946E-01  9.00491E-01 -1.61243E-02
    9505.633    513.100  11.650  9.18487E-01  8.99485E-01  2.10866E-02
    9510.081    517.548  11.700  9.51045E-01  8.98480E-01  5.83902E-02
    9514.548    522.015  11.750  9.78017E-01  8.97475E-01  8.95585E-02
    9519.034    526.502  11.800  9.94643E-01  8.96469E-01  1.09275E-01
    9523.539    531.007  11.850  9.97958E-01  8.95464E-01  1.14200E-01
    9528.064    535.531  11.900  9.87378E-01  8.94459E-01  1.03638E-01
    9532.607    540.075  11.950  9.64804E-01  8.93453E-01  7.96620E-02
    9537.170    544.637  12.000  9.34218E-01  8.92448E-01  4.66837E-02
    9541.751    549.219  12.050  9.00719E-01  8.91326E-01  1.05109E-02
    9546.352    553.819  12.100  8.69673E-01  8.90204E-01 -2.30037E-02
    9550.971    558.439  12.150  8.45746E-01  8.89082E-01 -4.86156E-02
    9555.610    563.078  12.200  8.31942E-01  8.87960E-01 -6.29202E-02
    9560.268    567.735  12.250  8.29106E-01  8.86838E-01 -6.49274E-02
    9564.944    572.412  12.300  8.35879E-01  8.85717E-01 -5.61189E-02
    9569.640    577.108  12.350  8.49123E-01  8.84595E-01 -3.99919E-02
    9574.355    581.823  12.400  8.64693E-01  8.83473E-01 -2.12003E-02
    9579.089    586.557  12.450  8.78378E-01  8.82351E-01 -4.49083E-03
    9583.842    591.310  12.500  8.86826E-01  8.81229E-01  6.33374E-03
    9588.614    596.082  12.550  8.88226E-01  8.80107E-01  9.19955E-03
    9593.405    600.873  12.600  8.82629E-01  8.78985E-01  4.13394E-03
    9598.215    605.683  12.650  8.71838E-01  8.77863E-01 -6.84434E-03
    9603.044    610.512  12.700  8.58913E-01  8.76741E-01 -2.02782E-02
    9607.892    615.360  12.750  8.47405E-01  8.75620E-01 -3.21327E-02
    9612.760    620.227  12.800  8.40506E-01  8.74498E-01 -3.87620E-02
    9617.646    625.114  12.850  8.40302E-01  8.73376E-01 -3.77627E-02
    9622.551    630.019  12.900  8.47306E-01  8.72254E-01 -2.85210E-02
    9627.476    634.943  12.950  8.60353E-01  8.71132E-01 -1.23380E-02
    9632.419    639.887  13.000  8.76892E-01  8.70010E-01  7.88766E-03
    9637.382    644.849  13.050  8.93608E-01  8.68800E-01  2.84729E-02
    9642.363    649.831  13.100  9.07169E-01  8.67590E-01  4.54881E-02
    9647.364    654.831  13.150  9.14875E-01  8.66380E-01  5.58132E-02
    9652.384    659.851  13.200  9.15309E-01  8.65170E-01  5.77853E-02
    9657.422    664.890  13.250  9.08601E-01  8.63961E-01  5.15194E-02
    9662.480    669.948  13.300  8.96331E-01  8.62751E-01  3.88085E-02
    9667.557    675.024  13.350  8.81101E-01  8.61541E-01  2.26375E-02
    9672.653    680.120  13.400  8.65886E-01  8.60331E-01  6.43769E-03
    9677.768    685.235  13.450  8.53322E-01  8.59121E-01 -6.72999E-03
    9682.901    690.369  13.500  8.45122E-01  8.57911E-01 -1.48630E-02
    9688.054    695.522  13.550  8.41741E-01  8.56701E-01 -1.74108E-02
    9693.227    700.694  13.600  8.42374E-01  8.55491E-01 -1.52875E-02
    9698.418    705.885  13.650  8.45272E-01  8.54281E-01 -1.05151E-02
    9703.628    711.095  13.700  8.48278E-01  8.53071E-01 -5.60241E-03
    9708.857    716.325  13.750  8.49444E-01  8.51862E-01 -2.82910E-03
    9714.105    721.573  13.800  8.47558E-01  8.50652E-01 -3.62535E-03
    9719.373    726.840  13.850  8.42450E-01  8.49442E-01 -8.20612E-03
    9724.659    732.126  13.900  8.35003E-01  8.48232E-01 -1.55477E-02
    9729.964    737.432  13.950  8.26885E-01  8.47022E-01 -2.37014E-02
    9735.289    742.756  14.000  8.20063E-01  8.45812E-01 -3.03494E-02
    9740.632    748.100  14.050  8.16192E-01  8.44629E-01 -3.35647E-02
    9745.995    753.462  14.100  8.16416E-01  8.43446E-01 -3.19483E-02
    9751.376    758.844  14.150  8.20827E-01  8.42262E-01 -2.53720E-02
    9756.777    764.245  14.200  8.28521E-01  8.41079E-01 -1.48855E-02
    9762.197    769.664  14.250  8.37850E-01  8.39896E-01 -2.42796E-03
    9767.635    775.103  14.300  8.46861E-01  8.38712E-01  9.68572E-03
    9773.093    780.561  14.350  8.53790E-01  8.37529E-01  1.93567E-02
    9778.570    786.038  14.400  8.57494E-01  8.36346E-01  2.52102E-02
    9784.066    791.534  14.450  8.57683E-01  8.35163E-01  2.68845E-02
    9789.581    797.049  14.500  8.54919E-01  8.33979E-01  2.50331E-02
    9795.115    802.583  14.550  8.50382E-01  8.32796E-01  2.10531E-02
    9800.668    808.136  14.600  8.45483E-01  8.31613E-01  1.66290E-02
    9806.240    813.708  14.650  8.41447E-01  8.30429E-01  1.32280E-02
    9811.831    819.299  14.700  8.38971E-01  8.29246E-01  1.16920E-02
    9817.441    824.909  14.750  8.38057E-01  8.28063E-01  1.20338E-02
    9823.071    830.538  14.800  8.38065E-01  8.26880E-01  1.34877E-02
    9828.719    836.187  14.850  8.37940E-01  8.25696E-01  1.47846E-02
    9834.386    841.854  14.900  8.36557E-01  8.24513E-01  1.45645E-02
    9840.073    847.540  14.950  8.33075E-01  8.23330E-01  1.18016E-02
    9845.778    853.246  15.000  8.27195E-01  8.22146E-01  6.12256E-03
    9851.503    858.970  15.050  8.19137E-01  8.20859E-01 -2.09204E-03
    9857.246    864.714  15.100  8.09899E-01  8.19572E-01 -1.17687E-02
    9863.009    870.476  15.150  8.00735E-01  8.18285E-01 -2.13869E-02
    9868.790    876.258  15.200  7.92949E-01  8.16998E-01 -2.93530E-02
    9874.591    882.059  15.250  7.87606E-01  8.15711E-01 -3.43588E-02
    9880.411    887.879  15.300  7.85314E-01  8.14424E-01 -3.56448E-02
    9886.250    893.717  15.350  7.86140E-01  8.13136E-01 -3.31100E-02
    9892.108    899.575  15.400  7.89659E-01  8.11849E-01 -2.72593E-02
    9897.984    905.452  15.450  7.95098E-01  8.10562E-01 -1.90276E-02
    9903.880    911.348  15.500  8.01529E-01  8.09275E-01 -9.54647E-03
    9909.795    917.263  15.550  8.08048E-01  8.07988E-01  7.47480E-05
    9915.729    923.197  15.600  8.13898E-01  8.06701E-01  8.89979E-03
    9921.683    929.150  15.650  8.18517E-01  8.05413E-01  1.62282E-02
    9927.655    935.122  15.700  8.21527E-01  8.04126E-01  2.15849E-02
    9933.646    941.114  15.750  8.22699E-01  8.02839E-01  2.46762E-02
    9939.656    947.124  15.800  8.21925E-01  8.01552E-01  2.53552E-02
    9945.685    953.153  15.850  8.19219E-01  8.00265E-01  2.36282E-02
    9951.734    959.201  15.900  8.14757E-01  7.98978E-01  1.97030E-02
    9957.801    965.269  15.950  8.08925E-01  7.97691E-01  1.40516E-02
    9963.888    971.355  16.000  8.02344E-01  7.96403E-01  7.44270E-03
    9969.993    977.461  16.050  7.95847E-01  7.95134E-01  8.94505E-04
    9976.118    983.585  16.100  7.90294E-01  7.93865E-01 -4.48790E-03
    9982.261    989.729  16.150  7.86496E-01  7.92595E-01 -7.67812E-03
    9988.424    995.892  16.200  7.84961E-01  7.91326E-01 -8.02581E-03
    9994.606   1002.073  16.250  7.85711E-01  7.90056E-01 -5.48881E-03
   10000.806   1008.274  16.300  7.88198E-01  7.88787E-01 -7.45560E-04
   10007.026   1014.494  16.350  7.91363E-01  7.87518E-01  4.87228E-03
   10013.265   1020.733  16.400  7.93844E-01  7.86248E-01  9.64041E-03
   10019.523   1026.991  16.450  7.94301E-01  7.84979E-01  1.18508E-02
   10025.800   1033.267  16.500  7.91777E-01  7.83710E-01  1.02727E-02
   10032.096   1039.563  16.550  7.86001E-01  7.82440E-01  4.54122E-03
   10038.411   1045.878  16.600  7.77536E-01  7.81171E-01 -4.64424E-03
   10044.745   1052.213  16.650  7.67721E-01  7.79901E-01 -1.55868E-02
   10051.098   1058.566  16.700  7.58402E-01  7.78632E-01 -2.59308E-02
   10057.470   1064.938  16.750  7.51501E-01  7.77363E-01 -3.32039E-02
   10063.862   1071.329  16.800  7.48544E-01  7.76093E-01 -3.54294E-02
   10070.272   1077.739  16.850  7.50253E-01  7.74824E-01 -3.16520E-02
   10076.701   1084.169  16.900  7.56326E-01  7.73554E-01 -2.22303E-02
   10083.150   1090.617  16.950  7.65470E-01  7.72285E-01 -8.80901E-03
   10089.617   1097.085  17.000  7.75676E-01  7.71016E-01  6.03428E-03
   10096.104   1103.571  17.050  7.84702E-01  7.69707E-01  1.94469E-02
   10102.609   1110.077  17.100  7.90579E-01  7.68399E-01  2.88156E-02
   10109.134   1116.601  17.150  7.92072E-01  7.67091E-01  3.25112E-02
   10115.677   1123.145  17.200  7.88978E-01  7.65782E-01  3.02395E-02
   10122.240   1129.708  17.250  7.82145E-01  7.64474E-01  2.30774E-02
   10128.822   1136.289  17.300  7.73227E-01  7.63166E-01  1.31624E-02
   10135.423   1142.890  17.350  7.64237E-01  7.61857E-01  3.11912E-03
   10142.042   1149.510  17.400  7.57028E-01  7.60549E-01 -4.62246E-03
   10148.681   1156.149  17.450  7.52826E-01  7.59241E-01 -8.43644E-03
   10155.339   1162.807  17.500  7.51952E-01  7.57932E-01 -7.87816E-03
   10162.016   1169.484  17.550  7.53793E-01  7.56624E-01 -3.73633E-03
   10168.712   1176.180  17.600  7.57013E-01  7.55316E-01  2.24394E-03
   10175.427   1182.895  17.650  7.59959E-01  7.54007E-01  7.88203E-03
   10182.162   1189.629  17.700  7.61125E-01  7.52699E-01  1.11781E-02
   10188.915   1196.382  17.750  7.59558E-01  7.51391E-01  1.08552E-02
   10195.687   1203.155  17.800  7.55103E-01  7.50083E-01  6.68370E-03
   10202.478   1209.946  17.850  7.48407E-01  7.48774E-01 -4.90272E-04
   10209.289   1216.756  17.900  7.40724E-01  7.47466E-01 -9.00764E-03
   10216.118   1223.586  17.950  7.33558E-01  7.46158E-01 -1.68654E-02
   10222.966   1230.434  18.000  7.28253E-01  7.44849E-01 -2.22549E-02
   10229.834   1237.302  18.050  7.25604E-01  7.43522E-01 -2.40704E-02
   10236.720   1244.188  18.100  7.25857E-01  7.42195E-01 -2.19869E-02
   10243.626   1251.094  18.150  7.28513E-01  7.40867E-01 -1.66572E-02
   10250.551   1258.018  18.200  7.32565E-01  7.39540E-01 -9.42065E-03
   10257.494   1264.962  18.250  7.36807E-01  7.38212E-01 -1.90153E-03
   10264.457   1271.925  18.300  7.40156E-01  7.36885E-01  4.43474E-03
   10271.439   1278.907  18.350  7.41921E-01  7.35558E-01  8.64239E-03
   10278.440   1285.907  18.400  7.41931E-01  7.34230E-01  1.04777E-02
   10285.460   1292.927  18.450  7.40507E-01  7.32903E-01  1.03655E-02
   10292.499   1299.966  18.500  7.38295E-01  7.31576E-01  9.17736E-03
   10299.557   1307.024  18.550  7.36022E-01  7.30248E-01  7.90057E-03
   10306.634   1314.101  18.600  7.34250E-01  7.28921E-01  7.30462E-03
   10313.730   1321.197  18.650  7.33204E-01  7.27594E-01  7.70556E-03
   10320.845   1328.312  18.700  7.32730E-01  7.26266E-01  8.89299E-03
   10327.979   1335.447  18.750  7.32362E-01  7.24939E-01  1.02322E-02
   10335.132   1342.600  18.800  7.31504E-01  7.23611E-01  1.09006E-02
   10342.305   1349.772  18.850  7.29641E-01  7.22284E-01  1.01795E-02
   10349.496   1356.964  18.900  7.26518E-01  7.20957E-01  7.70865E-03
   10356.706   1364.174  18.950  7.22240E-01  7.19629E-01  3.62616E-03
   10363.936   1371.403  19.000  7.17264E-01  7.18302E-01 -1.44501E-03
   10371.184   1378.652  19.050  7.12268E-01  7.16984E-01 -6.57487E-03
   10378.452   1385.919  19.100  7.07975E-01  7.15667E-01 -1.07429E-02
   10385.738   1393.206  19.150  7.04966E-01  7.14349E-01 -1.31294E-02
   10393.044   1400.512  19.200  7.03520E-01  7.13031E-01 -1.33342E-02
   10400.369   1407.836  19.250  7.03543E-01  7.11713E-01 -1.14766E-02
   10407.712   1415.180  19.300  7.04603E-01  7.10396E-01 -8.15232E-03
   10415.075   1422.543  19.350  7.06054E-01  7.09078E-01 -4.26402E-03
   10422.457   1429.925  19.400  7.07210E-01  7.07760E-01 -7.77027E-04
   10429.858   1437.326  19.450  7.07523E-01  7.06442E-01  1.52955E-03
   10437.278   1444.746  19.500  7.06711E-01  7.05125E-01  2.24966E-03
   10444.717   1452.185  19.550  7.04813E-01  7.03807E-01  1.42907E-03
   10452.175   1459.643  19.600  7.02154E-01  7.02489E-01 -4.77500E-04
   10459.652   1467.120  19.650  6.99243E-01  7.01171E-01 -2.75062E-03
   10467.148   1474.616  19.700  6.96631E-01  6.99854E-01 -4.60607E-03
   10474.663   1482.131  19.750  6.94768E-01  6.98536E-01 -5.39444E-03
   10482.198   1489.665  19.800  6.93907E-01  6.97218E-01 -4.74980E-03
   10489.751   1497.219  19.850  6.94053E-01  6.95901E-01 -2.65607E-03
   10497.323   1504.791  19.900  6.94982E-01  6.94583E-01  5.75263E-04
   10504.915   1512.382  19.950  6.96314E-01  6.93265E-01  4.39877E-03
   10512.525   1519.993  20.000  6.97596E-01  6.91947E-01  8.16710E-03
