ATOMS
  *       x         y          z    ipot  Atom      Distance    Number
**********-  ********  ********-  ******  ******  **********  ********
   0          0         0              0  Fe         0               0
  -2.23856    6e-08     1.29243        1  Fe         2.58486        59
   2.23856   -6e-08    -1.29243        1  Fe         2.58486        81
  -8e-08     -6e-08    -2.58486        1  Fe         2.58486         1
   8e-08      6e-08     2.58486        1  Fe         2.58486       140
  -0.746186  -2.11053   1.29243        1  Fe         2.58486        23
   0.746186   2.11053  -1.29243        1  Fe         2.58486       116
  -2.23856    0        -1.29243        1  Fe         2.58487        38
   2.23856    0         1.29243        1  Fe         2.58487       131
  -1.49237    2.11053   0              1  Fe         2.58487        56
   1.49237   -2.11053   0              1  Fe         2.58487       103
  -0.746186  -2.11053  -1.29243        1  Fe         2.58487         3
   0.746186   2.11053   1.29243        1  Fe         2.58487       138
  -1.49237    2.11053  -2.58486        1  Fe         3.65555        36
   1.49237   -2.11053   2.58486        1  Fe         3.65555       102
  -1.49237    2.11053   2.58486        1  Fe         3.65555        55
   1.49237   -2.11053  -2.58486        1  Fe         3.65555        84
  -2.98474   -2.11053  -2.29e-06       1  Fe         3.65555        12
   2.98474    2.11053   2.29e-06       1  Fe         3.65555       128
  -2.23856    1.2e-07   3.8773         1  Fe         4.47712        58
   2.23856   -1.2e-07  -3.8773         1  Fe         4.47712        82
  -2.98474   -2.11053   2.58486        1  Fe         4.47712        28
   2.98474    2.11053  -2.58486        1  Fe         4.47712       111
  -0.746186  -2.11053   3.8773         1  Fe         4.47712        22
   0.746186   2.11053  -3.8773         1  Fe         4.47712       117
  -4.47712    6e-08    -2.29e-06       1  Fe         4.47712        44
   4.47712   -6e-08     2.29e-06       1  Fe         4.47712        94
  -2.23856   -6e-08    -3.8773         1  Fe         4.47712        10
   2.23856    6e-08     3.8773         1  Fe         4.47712       130
  -3.73093    2.11053   1.29243        1  Fe         4.47712        65
   3.73093   -2.11053  -1.29243        1  Fe         4.47712        76
  -0.746186  -2.11053  -3.8773         1  Fe         4.47712         4
   0.746186   2.11053   3.8773         1  Fe         4.47712       137
  -3.73093    2.11053  -1.29243        1  Fe         4.47712        42
   3.73093   -2.11053   1.29243        1  Fe         4.47712        96
  -2.98474   -2.11053  -2.58487        1  Fe         4.47712        13
   2.98474    2.11053   2.58487        1  Fe         4.47712       127
  -0.746187   4.22107  -1.29243        1  Fe         4.47712        34
   0.746187  -4.22107   1.29243        1  Fe         4.47712       105
  -1.49237   -4.22107  -2.29e-06       1  Fe         4.47712         6
   1.49237    4.22107   2.29e-06       1  Fe         4.47712       135
  -0.746187   4.22107   1.29243        1  Fe         4.47712        53
   0.746187  -4.22107  -1.29243        1  Fe         4.47712        86
  -4.47712    1.2e-07   2.58486        1  Fe         5.16973        67
   4.47712   -1.2e-07  -2.58486        1  Fe         5.16973        74
  -1.6e-07   -1.2e-07  -5.16973        1  Fe         5.16973         2
   1.6e-07    1.2e-07   5.16973        1  Fe         5.16973       139
  -1.49237   -4.22107   2.58486        1  Fe         5.16973        25
   1.49237    4.22107  -2.58486        1  Fe         5.16973       114
  -4.47712    0        -2.58487        1  Fe         5.16973        45
   4.47712    0         2.58487        1  Fe         5.16973       123
  -2.98475    4.22107   0              1  Fe         5.16973        63
   2.98475   -4.22107   0              1  Fe         5.16973        99
  -1.49237   -4.22107  -2.58487        1  Fe         5.16973         7
   1.49237    4.22107   2.58487        1  Fe         5.16973       134
  -3.73093    2.11053   3.8773         1  Fe         5.77993        64
   3.73093   -2.11053  -3.8773         1  Fe         5.77993        77
  -5.2233    -2.11053   1.29243        1  Fe         5.77993        32
   5.2233     2.11053  -1.29243        1  Fe         5.77993       107
  -1.49237    2.11053  -5.16973        1  Fe         5.77993        37
   1.49237   -2.11053   5.16973        1  Fe         5.77993       101
  -1.49237    2.11053   5.16973        1  Fe         5.77993        54
   1.49237   -2.11053  -5.16973        1  Fe         5.77993        85
  -0.746187   4.22107  -3.8773         1  Fe         5.77993        35
   0.746187  -4.22107   3.8773         1  Fe         5.77993       104
  -3.73093   -4.22107   1.29243        1  Fe         5.77993        30
   3.73093    4.22107  -1.29243        1  Fe         5.77993       109
  -3.73093    2.11053  -3.8773         1  Fe         5.77993        43
   3.73093   -2.11053   3.8773         1  Fe         5.77993        95
  -5.2233    -2.11053  -1.29244        1  Fe         5.77993        18
   5.2233     2.11053   1.29244        1  Fe         5.77993       121
  -2.98475    4.22107  -2.58486        1  Fe         5.77993        40
   2.98475   -4.22107   2.58486        1  Fe         5.77993        98
  -2.98475    4.22107   2.58486        1  Fe         5.77993        62
   2.98475   -4.22107  -2.58486        1  Fe         5.77993        78
  -0.746187   4.22107   3.8773         1  Fe         5.77994        52
   0.746187  -4.22107  -3.8773         1  Fe         5.77994        87
  -3.73093   -4.22107  -1.29244        1  Fe         5.77994        15
   3.73093    4.22107   1.29244        1  Fe         5.77994       125
  -2.98474   -2.11053   5.16973        1  Fe         6.3316         27
   2.98474    2.11053  -5.16973        1  Fe         6.3316        112
  -5.96949    2.11053  -2.29e-06       1  Fe         6.3316         47
   5.96949   -2.11053   2.29e-06       1  Fe         6.3316         92
  -2.98474   -2.11053  -5.16973        1  Fe         6.3316         14
   2.98474    2.11053   5.16973        1  Fe         6.3316        126
  -1.15e-06   6.3316    2.29e-06       1  Fe         6.3316         51
   1.15e-06  -6.3316   -2.29e-06       1  Fe         6.3316         88
  -4.47712    1.8e-07   5.16973        1  Fe         6.83891        66
   4.47712   -1.8e-07  -5.16973        1  Fe         6.83891        75
  -2.23856    1.8e-07   6.46216        1  Fe         6.83891        57
   2.23856   -1.8e-07  -6.46216        1  Fe         6.83891        83
  -5.2233    -2.11053   3.87729        1  Fe         6.83891        31
   5.2233     2.11053  -3.87729        1  Fe         6.83891       108
  -0.746186  -2.11053   6.46216        1  Fe         6.83891        21
   0.746186   2.11053  -6.46216        1  Fe         6.83891       118
  -3.73093   -4.22107   3.87729        1  Fe         6.83891        29
   3.73093    4.22107  -3.87729        1  Fe         6.83891       110
  -1.49237   -4.22107   5.16973        1  Fe         6.83891        24
   1.49237    4.22107  -5.16973        1  Fe         6.83891       115
  -6.71568    1.2e-07   1.29243        1  Fe         6.83891        70
   6.71568   -1.2e-07  -1.29243        1  Fe         6.83891        71
  -5.96949    2.11053   2.58486        1  Fe         6.83891        69
   5.96949   -2.11053  -2.58486        1  Fe         6.83891        72
  -2.23856   -1.2e-07  -6.46216        1  Fe         6.83891        11
   2.23856    1.2e-07   6.46216        1  Fe         6.83891       129
  -0.746186  -2.11053  -6.46216        1  Fe         6.83891         5
   0.746186   2.11053   6.46216        1  Fe         6.83891       136
  -6.71568    6e-08    -1.29244        1  Fe         6.83891        49
   6.71568   -6e-08     1.29244        1  Fe         6.83891        90
  -4.47712   -6e-08    -5.16973        1  Fe         6.83891        17
   4.47712    6e-08     5.16973        1  Fe         6.83891       122
  -1.23e-06   6.3316   -2.58486        1  Fe         6.83891        33
   1.23e-06  -6.3316    2.58486        1  Fe         6.83891       106
  -2.23856   -6.3316    1.29243        1  Fe         6.83891        26
   2.23856    6.3316   -1.29243        1  Fe         6.83891       113
  -5.96949    2.11053  -2.58487        1  Fe         6.83891        48
   5.96949   -2.11053   2.58487        1  Fe         6.83891        91
  -5.2233     4.22107   1.29243        1  Fe         6.83891        68
   5.2233    -4.22107  -1.29243        1  Fe         6.83891        73
  -5.2233    -2.11053  -3.8773         1  Fe         6.83891        19
   5.2233     2.11053   3.8773         1  Fe         6.83891       120
  -1.49237   -4.22107  -5.16973        1  Fe         6.83891         8
   1.49237    4.22107   5.16973        1  Fe         6.83891       133
  -5.2233     4.22107  -1.29243        1  Fe         6.83891        46
   5.2233    -4.22107   1.29243        1  Fe         6.83891        93
  -3.73093   -4.22107  -3.8773         1  Fe         6.83891        16
   3.73093    4.22107   3.8773         1  Fe         6.83891       124
  -2.23856    6.3316   -1.29243        1  Fe         6.83891        39
   2.23856   -6.3316    1.29243        1  Fe         6.83891       100
  -2.23856   -6.3316   -1.29244        1  Fe         6.83891         9
   2.23856    6.3316    1.29244        1  Fe         6.83891       132
  -2.23856    6.3316    1.29243        1  Fe         6.83891        60
   2.23856   -6.3316   -1.29243        1  Fe         6.83891        80
  -1.07e-06   6.3316    2.58487        1  Fe         6.83891        50
   1.07e-06  -6.3316   -2.58487        1  Fe         6.83891        89
  -2.98475    4.22107  -5.16973        1  Fe         7.3111         41
   2.98475   -4.22107   5.16973        1  Fe         7.3111         97
  -2.98475    4.22107   5.16973        1  Fe         7.3111         61
   2.98475   -4.22107  -5.16973        1  Fe         7.3111         79
  -5.96949   -4.22107  -4.58e-06       1  Fe         7.3111         20
   5.96949    4.22107   4.58e-06       1  Fe         7.3111        119
END
