# comment: None given                          Feff8L (EXAFS)       0.1      
# Source:
# Structure Summary:  Fe1
# Reduced formula:  Fe
# space group: (Fm-3m), space number:  (225)
# abc:  2.584865   2.584866   2.584864
# angles: 59.999990  59.999984  60.000004
# sites: 1
# mp-150
# POT  Non-SCF, core-hole, AFOLP (folp(0)= 1.150)
# Abs   Z=26 Rmt= 1.375 Rnm= 1.413 K  shell
# Pot 1 Z=26 Rmt= 1.384 Rnm= 1.423
# Gam_ch=1.309E+00 H-L exch
# Mu=-1.168E+01 kf=2.002E+00 Vint=-2.695E+01 Rs_int= 1.812
# PATH  Rmax= 6.000,  Keep_limit= 0.00, Heap_limit 0.00  Pwcrit= 2.50%
#  S02=1.000                                        Global_sig2= 0.00000
#  Curved wave amplitude ratio filter   4.000%
#     file         sig2 tot  cw amp ratio   deg  nlegs   reff  inp sig2
#           1       0.00000    100.00     12.00     2   2.5849
#           2       0.00000     23.03      6.00     2   3.6555
#           3       0.00000     11.47     48.00     3   3.8773
#           4       0.00000     10.90     48.00     3   4.4126
#           5       0.00000     55.69     24.00     2   4.4771
#           6       0.00000     11.17     48.00     3   4.8234
#           7       0.00000     28.74     96.00     3   4.8234
#           8       0.00000     19.08     12.00     2   5.1697
#           9       0.00000      8.94     12.00     3   5.1697
#          10       0.00000     51.71     24.00     3   5.1697
#          11       0.00000     10.69     12.00     4   5.1697
#          12       0.00000      4.14     12.00     4   5.1697
#          14       0.00000     41.76     12.00     4   5.1697
#          15       0.00000      4.91     48.00     4   5.1697
#          17       0.00000      5.31     48.00     3   5.3588
#          18       0.00000      5.39     48.00     3   5.3588
#          19       0.00000      6.42     48.00     3   5.7696
#          20       0.00000     28.16     24.00     2   5.7799
#    18/  20 paths used
#  xsedge+50, used to normalize mu           3.2081E-04
#  -----------------------------------------------------------------------
#  omega    e    k    mu    mu0     chi     @#
    7120.870    -11.674   0.050 -1.24959E-01  4.03203E-01 -6.97900E-01
    7120.899    -11.646   0.100 -1.20682E-01  4.10424E-01 -7.01287E-01
    7120.947    -11.598   0.150 -1.07815E-01  4.31691E-01 -7.10855E-01
    7121.013    -11.532   0.200 -9.43220E-02  4.52958E-01 -7.19558E-01
    7121.099    -11.446   0.250 -7.39217E-02  4.84901E-01 -7.32168E-01
    7121.204    -11.341   0.300 -5.17452E-02  5.16844E-01 -7.42371E-01
    7121.328    -11.217   0.350 -2.80823E-02  5.51260E-01 -7.52822E-01
    7121.470    -11.074   0.400 -9.14673E-04  5.85677E-01 -7.58642E-01
    7121.632    -10.912   0.450  2.40507E-02  6.15213E-01 -7.60073E-01
    7121.813    -10.731   0.500  5.46633E-02  6.44749E-01 -7.54270E-01
    7122.013    -10.531   0.550  8.55389E-02  6.67739E-01 -7.39120E-01
    7122.232    -10.312   0.600  1.24154E-01  6.90729E-01 -7.14417E-01
    7122.471    -10.074   0.650  1.68290E-01  7.08659E-01 -6.76207E-01
    7122.728     -9.817   0.700  2.21440E-01  7.26589E-01 -6.27376E-01
    7123.004     -9.541   0.750  2.84158E-01  7.41205E-01 -5.63004E-01
    7123.299     -9.246   0.800  3.55391E-01  7.55821E-01 -4.89270E-01
    7123.613     -8.931   0.850  4.37046E-01  7.68334E-01 -4.01332E-01
    7123.947     -8.598   0.900  5.24125E-01  7.80847E-01 -3.08368E-01
    7124.299     -8.245   0.950  6.18533E-01  7.91976E-01 -2.06519E-01
    7124.671     -7.874   1.000  7.12500E-01  8.03106E-01 -1.06952E-01
    7125.061     -7.483   1.050  8.07095E-01  8.13248E-01 -7.19924E-03
    7125.471     -7.074   1.100  8.93550E-01  8.23390E-01  8.13871E-02
    7125.899     -6.645   1.150  9.72027E-01  8.32744E-01  1.60194E-01
    7126.347     -6.198   1.200  1.03504E+00  8.42099E-01  2.20030E-01
    7126.814     -5.731   1.250  1.08260E+00  8.50750E-01  2.62246E-01
    7127.300     -5.245   1.300  1.11075E+00  8.59402E-01  2.81995E-01
    7127.804     -4.740   1.350  1.12031E+00  8.67369E-01  2.81607E-01
    7128.328     -4.216   1.400  1.11235E+00  8.75337E-01  2.61864E-01
    7128.871     -3.673   1.450  1.08950E+00  8.82604E-01  2.26978E-01
    7129.433     -3.111   1.500  1.05732E+00  8.89871E-01  1.82421E-01
    7130.014     -2.530   1.550  1.01991E+00  8.96402E-01  1.33701E-01
    7130.614     -1.930   1.600  9.84921E-01  9.02934E-01  8.81998E-02
    7131.233     -1.311   1.650  9.56300E-01  9.08693E-01  5.09343E-02
    7131.872     -0.673   1.700  9.40016E-01  9.14452E-01  2.72021E-02
    7132.529     -0.016   1.750  9.37546E-01  9.19403E-01  1.92168E-02
    7133.205      0.660   1.800  9.49936E-01  9.24354E-01  2.69733E-02
    7133.900      1.356   1.850  9.74583E-01  9.28464E-01  4.84515E-02
    7134.615      2.070   1.900  1.00706E+00  9.32574E-01  7.79658E-02
    7135.348      2.804   1.950  1.04116E+00  9.35762E-01  1.10029E-01
    7136.101      3.556   2.000  1.07006E+00  9.38949E-01  1.36516E-01
    7136.872      4.328   2.050  1.08580E+00  9.40535E-01  1.51111E-01
    7137.663      5.118   2.100  1.08472E+00  9.42122E-01  1.48212E-01
    7138.472      5.928   2.150  1.06578E+00  9.43708E-01  1.26763E-01
    7139.301      6.756   2.200  1.03120E+00  9.45294E-01  8.91226E-02
    7140.149      7.604   2.250  9.78633E-01  9.47467E-01  3.23593E-02
    7141.016      8.471   2.300  9.25033E-01  9.49639E-01 -2.55681E-02
    7141.901      9.357   2.350  8.80816E-01  9.51812E-01 -7.38258E-02
    7142.806     10.262   2.400  8.53302E-01  9.53985E-01 -1.04776E-01
    7143.730     11.185   2.450  8.43045E-01  9.59011E-01 -1.20297E-01
    7144.673     12.128   2.500  8.44402E-01  9.64038E-01 -1.23711E-01
    7145.635     13.090   2.550  8.55661E-01  9.69065E-01 -1.16896E-01
    7146.616     14.072   2.600  8.74715E-01  9.74092E-01 -1.02115E-01
    7147.616     15.072   2.650  8.93905E-01  9.76288E-01 -8.44613E-02
    7148.636     16.091   2.700  9.19315E-01  9.78483E-01 -6.05253E-02
    7149.674     17.129   2.750  9.48805E-01  9.80678E-01 -3.25312E-02
    7150.731     18.186   2.800  9.80280E-01  9.82874E-01 -2.64149E-03
    7151.807     19.263   2.850  1.01035E+00  9.84335E-01  2.64475E-02
    7152.903     20.358   2.900  1.03976E+00  9.85796E-01  5.47699E-02
    7154.017     21.472   2.950  1.06648E+00  9.87258E-01  8.02663E-02
    7155.151     22.606   3.000  1.08873E+00  9.88719E-01  1.01149E-01
    7156.303     23.758   3.050  1.10506E+00  9.88993E-01  1.17223E-01
    7157.475     24.930   3.100  1.11537E+00  9.89267E-01  1.27185E-01
    7158.665     26.121   3.150  1.11874E+00  9.89541E-01  1.30124E-01
    7159.875     27.330   3.200  1.11474E+00  9.89814E-01  1.25638E-01
    7161.104     28.559   3.250  1.10500E+00  9.90038E-01  1.15539E-01
    7162.351     29.807   3.300  1.08822E+00  9.90262E-01  9.83831E-02
    7163.618     31.074   3.350  1.06518E+00  9.90485E-01  7.49657E-02
    7164.904     32.359   3.400  1.03719E+00  9.90709E-01  4.66171E-02
    7166.209     33.664   3.450  1.00513E+00  9.90569E-01  1.45978E-02
    7167.533     34.988   3.500  9.71455E-01  9.90428E-01 -1.90027E-02
    7168.876     36.331   3.550  9.38502E-01  9.90288E-01 -5.18317E-02
    7170.238     37.693   3.600  9.08552E-01  9.90147E-01 -8.16115E-02
    7171.619     39.075   3.650  8.82679E-01  9.90084E-01 -1.07378E-01
    7173.019     40.475   3.700  8.64015E-01  9.90020E-01 -1.25919E-01
    7174.439     41.894   3.750  8.53167E-01  9.89957E-01 -1.36636E-01
    7175.877     43.332   3.800  8.50112E-01  9.89893E-01 -1.39563E-01
    7177.334     44.790   3.850  8.56107E-01  9.89846E-01 -1.33465E-01
    7178.811     46.266   3.900  8.68577E-01  9.89798E-01 -1.20914E-01
    7180.306     47.761   3.950  8.84883E-01  9.89751E-01 -1.04552E-01
    7181.820     49.276   4.000  9.02513E-01  9.89704E-01 -8.68858E-02
    7183.354     50.809   4.050  9.21062E-01  9.89784E-01 -6.84499E-02
    7184.907     52.362   4.100  9.36817E-01  9.89864E-01 -5.28131E-02
    7186.478     53.933   4.150  9.48941E-01  9.89945E-01 -4.08039E-02
    7188.069     55.524   4.200  9.57870E-01  9.90025E-01 -3.19838E-02
    7189.679     57.134   4.250  9.65151E-01  9.90183E-01 -2.48896E-02
    7191.307     58.763   4.300  9.72476E-01  9.90342E-01 -1.77565E-02
    7192.955     60.410   4.350  9.82538E-01  9.90500E-01 -7.91037E-03
    7194.622     62.077   4.400  9.97681E-01  9.90658E-01  6.97509E-03
    7196.308     63.763   4.450  1.01904E+00  9.90920E-01  2.79228E-02
    7198.013     65.468   4.500  1.04691E+00  9.91183E-01  5.53169E-02
    7199.737     67.192   4.550  1.07974E+00  9.91445E-01  8.76252E-02
    7201.480     68.935   4.600  1.11444E+00  9.91707E-01  1.21773E-01
    7203.242     70.697   4.650  1.14655E+00  9.91734E-01  1.53574E-01
    7205.023     72.479   4.700  1.17176E+00  9.91761E-01  1.78521E-01
    7206.824     74.279   4.750  1.18582E+00  9.91788E-01  1.92409E-01
    7208.643     76.098   4.800  1.18568E+00  9.91815E-01  1.92214E-01
    7210.481     77.936   4.850  1.16954E+00  9.91757E-01  1.76272E-01
    7212.338     79.794   4.900  1.13840E+00  9.91698E-01  1.45454E-01
    7214.215     81.670   4.950  1.09498E+00  9.91640E-01  1.02465E-01
    7216.110     83.566   5.000  1.04358E+00  9.91581E-01  5.15544E-02
    7218.025     85.480   5.050  9.88773E-01  9.91451E-01 -2.65556E-03
    7219.958     87.414   5.100  9.36650E-01  9.91320E-01 -5.42371E-02
    7221.911     89.366   5.150  8.91974E-01  9.91189E-01 -9.84595E-02
    7223.883     91.338   5.200  8.58219E-01  9.91059E-01 -1.31866E-01
    7225.873     93.329   5.250  8.37170E-01  9.90563E-01 -1.52336E-01
    7227.883     95.338   5.300  8.29333E-01  9.90068E-01 -1.59696E-01
    7229.912     97.367   5.350  8.33116E-01  9.89572E-01 -1.55514E-01
    7231.960     99.415   5.400  8.45757E-01  9.89077E-01 -1.42519E-01
    7234.027    101.482   5.450  8.64178E-01  9.88455E-01 -1.23665E-01
    7236.113    103.568   5.500  8.84425E-01  9.87833E-01 -1.02968E-01
    7238.218    105.673   5.550  9.03355E-01  9.87211E-01 -8.35565E-02
    7240.342    107.797   5.600  9.18740E-01  9.86589E-01 -6.76524E-02
    7242.485    109.940   5.650  9.29426E-01  9.85835E-01 -5.62954E-02
    7244.647    112.102   5.700  9.35685E-01  9.85081E-01 -4.93410E-02
    7246.828    114.284   5.750  9.39199E-01  9.84326E-01 -4.51171E-02
    7249.029    116.484   5.800  9.42691E-01  9.83572E-01 -4.09092E-02
    7251.248    118.703   5.850  9.49333E-01  9.82648E-01 -3.33726E-02
    7253.486    120.942   5.900  9.62659E-01  9.81724E-01 -1.91179E-02
    7255.744    123.199   5.950  9.85143E-01  9.80800E-01  4.36007E-03
    7258.020    125.475   6.000  1.01771E+00  9.79876E-01  3.80212E-02
    7260.316    127.771   6.050  1.05947E+00  9.78889E-01  8.10748E-02
    7262.630    130.085   6.100  1.10662E+00  9.77902E-01  1.29665E-01
    7264.964    132.419   6.150  1.15324E+00  9.76916E-01  1.77846E-01
    7267.317    134.772   6.200  1.19197E+00  9.75929E-01  2.18168E-01
    7269.688    137.143   6.250  1.21511E+00  9.74942E-01  2.42841E-01
    7272.079    139.534   6.300  1.21614E+00  9.73955E-01  2.45184E-01
    7274.489    141.944   6.350  1.19108E+00  9.72969E-01  2.21089E-01
    7276.918    144.373   6.400  1.13969E+00  9.71982E-01  1.70209E-01
    7279.366    146.821   6.450  1.06602E+00  9.70995E-01  9.65643E-02
    7281.833    149.288   6.500  9.78235E-01  9.70009E-01  8.36971E-03
    7284.319    151.774   6.550  8.87027E-01  9.69048E-01 -8.35674E-02
    7286.824    154.279   6.600  8.06122E-01  9.68087E-01 -1.65244E-01
    7289.348    156.803   6.650  7.47215E-01  9.67127E-01 -2.24669E-01
    7291.891    159.346   6.700  7.18636E-01  9.66166E-01 -2.53230E-01
    7294.453    161.908   6.750  7.23644E-01  9.65206E-01 -2.47460E-01
    7297.034    164.490   6.800  7.59662E-01  9.64245E-01 -2.09866E-01
    7299.635    167.090   6.850  8.18646E-01  9.63284E-01 -1.48576E-01
    7302.254    169.709   6.900  8.88596E-01  9.62324E-01 -7.58391E-02
    7304.892    172.348   6.950  9.55903E-01  9.61363E-01 -5.62402E-03
    7307.550    175.005   7.000  1.00809E+00  9.60403E-01  4.91862E-02
    7310.226    177.682   7.050  1.03616E+00  9.59454E-01  7.92316E-02
    7312.922    180.377   7.100  1.03671E+00  9.58506E-01  8.08926E-02
    7315.637    183.092   7.150  1.01273E+00  9.57558E-01  5.71531E-02
    7318.370    185.826   7.200  9.72617E-01  9.56609E-01  1.66063E-02
    7321.123    188.578   7.250  9.28169E-01  9.55661E-01 -2.85614E-02
    7323.895    191.350   7.300  8.91883E-01  9.54712E-01 -6.53677E-02
    7326.686    194.141   7.350  8.74116E-01  9.53764E-01 -8.29860E-02
    7329.495    196.951   7.400  8.80761E-01  9.52816E-01 -7.51837E-02
    7332.324    199.780   7.450  9.11958E-01  9.51867E-01 -4.17022E-02
    7335.172    202.628   7.500  9.62124E-01  9.50919E-01  1.17260E-02
    7338.039    205.495   7.550  1.02136E+00  9.49923E-01  7.48629E-02
    7340.925    208.381   7.600  1.07709E+00  9.48927E-01  1.34515E-01
    7343.830    211.286   7.650  1.11783E+00  9.47931E-01  1.78586E-01
    7346.755    214.210   7.700  1.13522E+00  9.46934E-01  1.98207E-01
    7349.698    217.153   7.750  1.12574E+00  9.45938E-01  1.89551E-01
    7352.660    220.115   7.800  1.09127E+00  9.44942E-01  1.54495E-01
    7355.641    223.097   7.850  1.03851E+00  9.43946E-01  9.99857E-02
    7358.642    226.097   7.900  9.77228E-01  9.42950E-01  3.62993E-02
    7361.661    229.116   7.950  9.18016E-01  9.41954E-01 -2.53880E-02
    7364.700    232.155   8.000  8.69885E-01  9.40958E-01 -7.54902E-02
    7367.757    235.212   8.050  8.38410E-01  9.39906E-01 -1.07941E-01
    7370.834    238.289   8.100  8.25047E-01  9.38855E-01 -1.21188E-01
    7373.929    241.385   8.150  8.27238E-01  9.37803E-01 -1.17885E-01
    7377.044    244.499   8.200  8.39643E-01  9.36752E-01 -1.03670E-01
    7380.178    247.633   8.250  8.55856E-01  9.35700E-01 -8.53474E-02
    7383.330    250.786   8.300  8.70198E-01  9.34648E-01 -6.89814E-02
    7386.502    253.958   8.350  8.79118E-01  9.33597E-01 -5.83831E-02
    7389.693    257.148   8.400  8.81892E-01  9.32545E-01 -5.43532E-02
    7392.903    260.358   8.450  8.80471E-01  9.31494E-01 -5.48201E-02
    7396.132    263.587   8.500  8.78602E-01  9.30442E-01 -5.57700E-02
    7399.380    266.835   8.550  8.80415E-01  9.29374E-01 -5.27253E-02
    7402.647    270.102   8.600  8.89465E-01  9.28306E-01 -4.18725E-02
    7405.933    273.388   8.650  9.07039E-01  9.27238E-01 -2.17978E-02
    7409.238    276.694   8.700  9.31924E-01  9.26170E-01  6.21682E-03
    7412.563    280.018   8.750  9.60657E-01  9.25102E-01  3.84512E-02
    7415.906    283.361   8.800  9.88390E-01  9.24034E-01  6.96708E-02
    7419.268    286.723   8.850  1.01011E+00  9.22966E-01  9.44441E-02
    7422.649    290.105   8.900  1.02190E+00  9.21898E-01  1.08488E-01
    7426.050    293.505   8.950  1.02183E+00  9.20830E-01  1.09690E-01
    7429.469    296.925   9.000  1.01041E+00  9.19762E-01  9.85505E-02
    7432.908    300.363   9.050  9.90398E-01  9.18734E-01  7.79857E-02
    7436.365    303.821   9.100  9.65739E-01  9.17707E-01  5.23204E-02
    7439.842    307.297   9.150  9.41061E-01  9.16680E-01  2.65838E-02
    7443.338    310.793   9.200  9.20314E-01  9.15653E-01  5.08674E-03
    7446.852    314.308   9.250  9.05908E-01  9.14626E-01 -9.52524E-03
    7450.386    317.841   9.300  8.98303E-01  9.13599E-01 -1.67280E-02
    7453.939    321.394   9.350  8.96127E-01  9.12572E-01 -1.80026E-02
    7457.511    324.966   9.400  8.96746E-01  9.11545E-01 -1.62162E-02
    7461.102    328.557   9.450  8.97121E-01  9.10518E-01 -1.46946E-02
    7464.712    332.167   9.500  8.94693E-01  9.09491E-01 -1.62469E-02
    7468.341    335.796   9.550  8.88047E-01  9.08438E-01 -2.24122E-02
    7471.989    339.444   9.600  8.77244E-01  9.07385E-01 -3.31645E-02
    7475.656    343.111   9.650  8.63847E-01  9.06332E-01 -4.67971E-02
    7479.342    346.797   9.700  8.50486E-01  9.05279E-01 -6.04198E-02
    7483.047    350.502   9.750  8.40177E-01  9.04226E-01 -7.07038E-02
    7486.771    354.227   9.800  8.35571E-01  9.03173E-01 -7.47061E-02
    7490.515    357.970   9.850  8.38329E-01  9.02120E-01 -7.05712E-02
    7494.277    361.732   9.900  8.48741E-01  9.01067E-01 -5.79512E-02
    7498.059    365.514   9.950  8.65674E-01  9.00014E-01 -3.80724E-02
    7501.859    369.314  10.000  8.86831E-01  8.98961E-01 -1.34625E-02
    7505.679    373.134  10.050  9.09249E-01  8.97788E-01  1.27363E-02
    7509.517    376.972  10.100  9.29948E-01  8.96616E-01  3.70887E-02
    7513.375    380.830  10.150  9.46154E-01  8.95444E-01  5.64972E-02
    7517.251    384.707  10.200  9.55893E-01  8.94272E-01  6.87401E-02
    7521.147    388.602  10.250  9.58243E-01  8.93100E-01  7.27614E-02
    7525.062    392.517  10.300  9.53398E-01  8.91928E-01  6.87455E-02
    7528.996    396.451  10.350  9.42550E-01  8.90756E-01  5.79975E-02
    7532.948    400.404  10.400  9.27644E-01  8.89584E-01  4.26726E-02
    7536.920    404.376  10.450  9.11049E-01  8.88412E-01  2.54137E-02
    7540.911    408.367  10.500  8.95198E-01  8.87240E-01  8.94582E-03
    7544.921    412.377  10.550  8.82226E-01  8.86068E-01 -4.32387E-03
    7548.950    416.406  10.600  8.73660E-01  8.84895E-01 -1.26620E-02
    7552.998    420.454  10.650  8.70180E-01  8.83723E-01 -1.52813E-02
    7557.066    424.521  10.700  8.71497E-01  8.82551E-01 -1.24891E-02
    7561.152    428.607  10.750  8.76362E-01  8.81379E-01 -5.67553E-03
    7565.257    432.712  10.800  8.82754E-01  8.80207E-01  2.88527E-03
    7569.381    436.837  10.850  8.88220E-01  8.79035E-01  1.04176E-02
    7573.525    440.980  10.900  8.90343E-01  8.77863E-01  1.41730E-02
    7577.687    445.142  10.950  8.87264E-01  8.76691E-01  1.20225E-02
    7581.869    449.324  11.000  8.78152E-01  8.75519E-01  2.99769E-03
    7586.069    453.524  11.050  8.63325E-01  8.74246E-01 -1.24523E-02
    7590.289    457.744  11.100  8.44689E-01  8.72974E-01 -3.22948E-02
    7594.527    461.983  11.150  8.25311E-01  8.71701E-01 -5.30431E-02
    7598.785    466.240  11.200  8.08942E-01  8.70429E-01 -7.04044E-02
    7603.062    470.517  11.250  7.99266E-01  8.69157E-01 -8.01411E-02
    7607.357    474.813  11.300  7.99067E-01  8.67884E-01 -7.90231E-02
    7611.672    479.127  11.350  8.09518E-01  8.66612E-01 -6.56555E-02
    7616.006    483.461  11.400  8.29761E-01  8.65339E-01 -4.09721E-02
    7620.359    487.814  11.450  8.56917E-01  8.64067E-01 -8.24578E-03
    7624.731    492.186  11.500  8.86543E-01  8.62794E-01  2.74270E-02
    7629.122    496.577  11.550  9.13474E-01  8.61522E-01  6.00864E-02
    7633.532    500.987  11.600  9.32875E-01  8.60250E-01  8.41169E-02
    7637.961    505.416  11.650  9.41255E-01  8.58977E-01  9.54351E-02
    7642.409    509.865  11.700  9.37234E-01  8.57705E-01  9.23792E-02
    7646.876    514.332  11.750  9.21836E-01  8.56432E-01  7.60819E-02
    7651.363    518.818  11.800  8.98275E-01  8.55160E-01  5.02267E-02
    7655.868    523.323  11.850  8.71229E-01  8.53887E-01  2.02313E-02
    7660.392    527.848  11.900  8.45805E-01  8.52615E-01 -7.95660E-03
    7664.936    532.391  11.950  8.26411E-01  8.51343E-01 -2.91704E-02
    7669.498    536.953  12.000  8.15819E-01  8.50070E-01 -4.01335E-02
    7674.080    541.535  12.050  8.14452E-01  8.48754E-01 -4.02557E-02
    7678.680    546.136  12.100  8.20951E-01  8.47438E-01 -3.11325E-02
    7683.300    550.755  12.150  8.32050E-01  8.46121E-01 -1.65653E-02
    7687.939    555.394  12.200  8.43630E-01  8.44805E-01 -1.38531E-03
    7692.596    560.052  12.250  8.51776E-01  8.43489E-01  9.78759E-03
    7697.273    564.728  12.300  8.53746E-01  8.42172E-01  1.36904E-02
    7701.969    569.424  12.350  8.48611E-01  8.40856E-01  9.18723E-03
    7706.684    574.139  12.400  8.37417E-01  8.39540E-01 -2.51885E-03
    7711.418    578.873  12.450  8.22852E-01  8.38223E-01 -1.82690E-02
    7716.171    583.626  12.500  8.08502E-01  8.36907E-01 -3.38131E-02
    7720.943    588.398  12.550  7.97914E-01  8.35591E-01 -4.49222E-02
    7725.734    593.189  12.600  7.93695E-01  8.34274E-01 -4.84603E-02
    7730.544    597.999  12.650  7.96887E-01  8.32958E-01 -4.31453E-02
    7735.373    602.828  12.700  8.06752E-01  8.31642E-01 -2.98189E-02
    7740.221    607.676  12.750  8.21013E-01  8.30326E-01 -1.11748E-02
    7745.088    612.544  12.800  8.36466E-01  8.29009E-01  8.96250E-03
    7749.975    617.430  12.850  8.49795E-01  8.27693E-01  2.66070E-02
    7754.880    622.335  12.900  8.58365E-01  8.26377E-01  3.85708E-02
    7759.804    627.260  12.950  8.60807E-01  8.25060E-01  4.31717E-02
    7764.748    632.203  13.000  8.57243E-01  8.23744E-01  4.05227E-02
    7769.710    637.166  13.050  8.49122E-01  8.22358E-01  3.24304E-02
    7774.692    642.147  13.100  8.38711E-01  8.20972E-01  2.15312E-02
    7779.692    647.148  13.150  8.28528E-01  8.19586E-01  1.08729E-02
    7784.712    652.167  13.200  8.20644E-01  8.18200E-01  2.97694E-03
    7789.751    657.206  13.250  8.16183E-01  8.16814E-01 -7.69839E-04
    7794.809    662.264  13.300  8.15120E-01  8.15428E-01 -3.75448E-04
    7799.885    667.341  13.350  8.16403E-01  8.14041E-01  2.89049E-03
    7804.981    672.436  13.400  8.18333E-01  8.12655E-01  6.96303E-03
    7810.096    677.551  13.450  8.19112E-01  8.11269E-01  9.63447E-03
    7815.230    682.685  13.500  8.17364E-01  8.09883E-01  9.20519E-03
    7820.383    687.838  13.550  8.12518E-01  8.08497E-01  4.95648E-03
    7825.555    693.010  13.600  8.04947E-01  8.07111E-01 -2.67250E-03
    7830.746    698.201  13.650  7.95834E-01  8.05725E-01 -1.22346E-02
    7835.956    703.412  13.700  7.86833E-01  8.04339E-01 -2.16921E-02
    7841.186    708.641  13.750  7.79611E-01  8.02953E-01 -2.89733E-02
    7846.434    713.889  13.800  7.75420E-01  8.01567E-01 -3.25111E-02
    7851.701    719.156  13.850  7.74795E-01  8.00181E-01 -3.16199E-02
    7856.987    724.443  13.900  7.77460E-01  7.98795E-01 -2.66208E-02
    7862.293    729.748  13.950  7.82449E-01  7.97409E-01 -1.86984E-02
    7867.617    735.073  14.000  7.88399E-01  7.96023E-01 -9.54544E-03
    7872.961    740.416  14.050  7.93901E-01  7.94606E-01 -8.84183E-04
    7878.323    745.779  14.100  7.97918E-01  7.93189E-01  5.94303E-03
    7883.705    751.160  14.150  7.99889E-01  7.91773E-01  1.02185E-02
    7889.106    756.561  14.200  7.99854E-01  7.90356E-01  1.19799E-02
    7894.525    761.981  14.250  7.98361E-01  7.88939E-01  1.19048E-02
    7899.964    767.419  14.300  7.96239E-01  7.87522E-01  1.10350E-02
    7905.422    772.877  14.350  7.94328E-01  7.86106E-01  1.04273E-02
    7910.899    778.354  14.400  7.93216E-01  7.84689E-01  1.08340E-02
    7916.395    783.850  14.450  7.93089E-01  7.83272E-01  1.24957E-02
    7921.910    789.365  14.500  7.93692E-01  7.81856E-01  1.50943E-02
    7927.444    794.899  14.550  7.94422E-01  7.80439E-01  1.78645E-02
    7932.997    800.452  14.600  7.94509E-01  7.79022E-01  1.98221E-02
    7938.569    806.024  14.650  7.93232E-01  7.77606E-01  2.00380E-02
    7944.160    811.615  14.700  7.90110E-01  7.76189E-01  1.78853E-02
    7949.770    817.225  14.750  7.85026E-01  7.74772E-01  1.31985E-02
    7955.399    822.855  14.800  7.78253E-01  7.73356E-01  6.31520E-03
    7961.048    828.503  14.850  7.70394E-01  7.71939E-01 -1.99589E-03
    7966.715    834.170  14.900  7.62262E-01  7.70522E-01 -1.06915E-02
    7972.401    839.857  14.950  7.54725E-01  7.69106E-01 -1.86487E-02
    7978.107    845.562  15.000  7.48560E-01  7.67689E-01 -2.48529E-02
    7983.831    851.287  15.050  7.44259E-01  7.66235E-01 -2.86081E-02
    7989.575    857.030  15.100  7.42219E-01  7.64782E-01 -2.94287E-02
    7995.337    862.793  15.150  7.42474E-01  7.63329E-01 -2.72526E-02
    8001.119    868.574  15.200  7.44791E-01  7.61875E-01 -2.23695E-02
    8006.920    874.375  15.250  7.48702E-01  7.60422E-01 -1.53754E-02
    8012.740    880.195  15.300  7.53563E-01  7.58968E-01 -7.10499E-03
    8018.578    886.034  15.350  7.58617E-01  7.57515E-01  1.45195E-03
    8024.436    891.891  15.400  7.63074E-01  7.56061E-01  9.25492E-03
    8030.313    897.768  15.450  7.66207E-01  7.54608E-01  1.53371E-02
    8036.209    903.664  15.500  7.67454E-01  7.53154E-01  1.89448E-02
    8042.124    909.579  15.550  7.66521E-01  7.51701E-01  1.96730E-02
    8048.058    915.513  15.600  7.63456E-01  7.50247E-01  1.75686E-02
    8054.011    921.466  15.650  7.58674E-01  7.48794E-01  1.31682E-02
    8059.983    927.439  15.700  7.52914E-01  7.47341E-01  7.44303E-03
    8065.974    933.430  15.750  7.47115E-01  7.45887E-01  1.64302E-03
    8071.985    939.440  15.800  7.42238E-01  7.44434E-01 -2.94365E-03
    8078.014    945.469  15.850  7.39057E-01  7.42980E-01 -5.27043E-03
    8084.062    951.518  15.900  7.37969E-01  7.41527E-01 -4.78910E-03
    8090.130    957.585  15.950  7.38876E-01  7.40073E-01 -1.61531E-03
    8096.216    963.671  16.000  7.41172E-01  7.38620E-01  3.44991E-03
    8102.322    969.777  16.050  7.43844E-01  7.37149E-01  9.06652E-03
    8108.446    975.902  16.100  7.45721E-01  7.35678E-01  1.36284E-02
    8114.590    982.045  16.150  7.45722E-01  7.34207E-01  1.56578E-02
    8120.753    988.208  16.200  7.43140E-01  7.32737E-01  1.41751E-02
    8126.934    994.389  16.250  7.37841E-01  7.31266E-01  8.97740E-03
    8133.135   1000.590  16.300  7.30337E-01  7.29795E-01  7.42312E-04
    8139.355   1006.810  16.350  7.21703E-01  7.28324E-01 -9.07768E-03
    8145.594   1013.049  16.400  7.13346E-01  7.26853E-01 -1.85573E-02
    8151.851   1019.307  16.450  7.06694E-01  7.25382E-01 -2.57288E-02
    8158.128   1025.584  16.500  7.02862E-01  7.23912E-01 -2.90395E-02
    8164.424   1031.880  16.550  7.02388E-01  7.22441E-01 -2.77215E-02
    8170.739   1038.195  16.600  7.05102E-01  7.20970E-01 -2.19817E-02
    8177.074   1044.529  16.650  7.10163E-01  7.19499E-01 -1.29601E-02
    8183.427   1050.882  16.700  7.16256E-01  7.18028E-01 -2.46546E-03
    8189.799   1057.254  16.750  7.21900E-01  7.16557E-01  7.44767E-03
    8196.190   1063.645  16.800  7.25792E-01  7.15087E-01  1.49551E-02
    8202.600   1070.056  16.850  7.27098E-01  7.13616E-01  1.88729E-02
    8209.030   1076.485  16.900  7.25619E-01  7.12145E-01  1.89012E-02
    8215.478   1082.933  16.950  7.21802E-01  7.10674E-01  1.56426E-02
    8221.946   1089.401  17.000  7.16585E-01  7.09203E-01  1.03987E-02
    8228.432   1095.887  17.050  7.11135E-01  7.07736E-01  4.79902E-03
    8234.938   1102.393  17.100  7.06538E-01  7.06269E-01  3.80545E-04
    8241.462   1108.918  17.150  7.03535E-01  7.04801E-01 -1.79542E-03
    8248.006   1115.461  17.200  7.02344E-01  7.03334E-01 -1.40617E-03
    8254.569   1122.024  17.250  7.02634E-01  7.01867E-01  1.09161E-03
    8261.150   1128.606  17.300  7.03645E-01  7.00400E-01  4.63065E-03
    8267.751   1135.206  17.350  7.04428E-01  6.98932E-01  7.85811E-03
    8274.371   1141.826  17.400  7.04112E-01  6.97465E-01  9.52396E-03
    8281.010   1148.465  17.450  7.02144E-01  6.95998E-01  8.82592E-03
    8287.668   1155.123  17.500  6.98436E-01  6.94531E-01  5.62043E-03
    8294.345   1161.800  17.550  6.93374E-01  6.93063E-01  4.48098E-04
    8301.041   1168.496  17.600  6.87704E-01  6.91596E-01 -5.62500E-03
    8307.756   1175.211  17.650  6.82328E-01  6.90129E-01 -1.12997E-02
    8314.490   1181.945  17.700  6.78063E-01  6.88661E-01 -1.53849E-02
    8321.243   1188.699  17.750  6.75444E-01  6.87194E-01 -1.70937E-02
    8328.016   1195.471  17.800  6.74604E-01  6.85727E-01 -1.62168E-02
    8334.807   1202.262  17.850  6.75270E-01  6.84260E-01 -1.31345E-02
    8341.617   1209.072  17.900  6.76870E-01  6.82792E-01 -8.67249E-03
    8348.447   1215.902  17.950  6.78700E-01  6.81325E-01 -3.85207E-03
    8355.295   1222.750  18.000  6.80123E-01  6.79858E-01  3.90119E-04
    8362.163   1229.618  18.050  6.80737E-01  6.78380E-01  3.47410E-03
    8369.049   1236.504  18.100  6.80402E-01  6.76903E-01  5.16978E-03
    8375.955   1243.410  18.150  6.79274E-01  6.75425E-01  5.69860E-03
    8382.879   1250.335  18.200  6.77706E-01  6.73948E-01  5.57804E-03
    8389.823   1257.278  18.250  6.76108E-01  6.72470E-01  5.41135E-03
    8396.786   1264.241  18.300  6.74794E-01  6.70992E-01  5.66709E-03
    8403.768   1271.223  18.350  6.73877E-01  6.69515E-01  6.51646E-03
    8410.768   1278.224  18.400  6.73231E-01  6.68037E-01  7.77603E-03
    8417.788   1285.244  18.450  6.72538E-01  6.66560E-01  8.97072E-03
    8424.827   1292.282  18.500  6.71395E-01  6.65082E-01  9.49487E-03
    8431.885   1299.340  18.550  6.69456E-01  6.63605E-01  8.82029E-03
    8438.962   1306.417  18.600  6.66553E-01  6.62127E-01  6.68686E-03
    8446.058   1313.514  18.650  6.62774E-01  6.60650E-01  3.21716E-03
    8453.173   1320.629  18.700  6.58460E-01  6.59172E-01 -1.08066E-03
    8460.308   1327.763  18.750  6.54129E-01  6.57695E-01 -5.42428E-03
    8467.461   1334.916  18.800  6.50345E-01  6.56217E-01 -8.95243E-03
    8474.633   1342.088  18.850  6.47575E-01  6.54739E-01 -1.09493E-02
    8481.825   1349.280  18.900  6.46057E-01  6.53262E-01 -1.10355E-02
    8489.035   1356.490  18.950  6.45745E-01  6.51784E-01 -9.27207E-03
    8496.264   1363.720  19.000  6.46311E-01  6.50307E-01 -6.14927E-03
    8503.513   1370.968  19.050  6.47249E-01  6.48854E-01 -2.47449E-03
    8510.780   1378.236  19.100  6.47972E-01  6.47401E-01  8.83741E-04
    8518.067   1385.522  19.150  6.47975E-01  6.45948E-01  3.14161E-03
    8525.373   1392.828  19.200  6.46957E-01  6.44495E-01  3.82440E-03
    8532.697   1400.153  19.250  6.44891E-01  6.43041E-01  2.87875E-03
    8540.041   1407.496  19.300  6.42022E-01  6.41588E-01  6.76558E-04
    8547.404   1414.859  19.350  6.38800E-01  6.40135E-01 -2.08749E-03
    8554.786   1422.241  19.400  6.35763E-01  6.38682E-01 -4.57566E-03
    8562.187   1429.642  19.450  6.33399E-01  6.37229E-01 -6.01689E-03
    8569.607   1437.062  19.500  6.32033E-01  6.35776E-01 -5.89391E-03
    8577.046   1444.501  19.550  6.31748E-01  6.34323E-01 -4.06352E-03
    8584.504   1451.959  19.600  6.32374E-01  6.32870E-01 -7.84819E-04
    8591.981   1459.436  19.650  6.33528E-01  6.31417E-01  3.34620E-03
    8599.477   1466.932  19.700  6.34705E-01  6.29964E-01  7.53477E-03
    8606.992   1474.447  19.750  6.35392E-01  6.28511E-01  1.09620E-02
    8614.526   1481.981  19.800  6.35171E-01  6.27058E-01  1.29547E-02
    8622.079   1489.535  19.850  6.33798E-01  6.25605E-01  1.31137E-02
    8629.652   1497.107  19.900  6.31244E-01  6.24152E-01  1.13784E-02
    8637.243   1504.698  19.950  6.27686E-01  6.22699E-01  8.01976E-03
    8644.854   1512.309  20.000  6.23461E-01  6.21246E-01  3.57160E-03
