ATOMS
  *       x          y            z    ipot  Atom      Distance    Number
**********-  ********-  **********-  ******  ******  **********  ********
   0          0          0                0  Fe         0               0
   0.856973   0.605972  -1.48432          2  N          1.81791       150
  -1.71395    0.605972  -7.575e-07        2  N          1.81792        48
   0.856973   0.605972   1.48432          2  N          1.81792       187
  -2.55e-07  -1.81792   -7.575e-07        2  N          1.81792         2
  -2.57092    0          1.48432          1  Fe         2.96864        80
   2.57092    0         -1.48432          1  Fe         2.96864       139
  -1e-08     -1e-08     -2.96864          1  Fe         2.96864       151
   1e-08      1e-08      2.96864          1  Fe         2.96864       186
  -0.856974  -2.42389    1.48432          1  Fe         2.96864        28
   0.856974   2.42389   -1.48432          1  Fe         2.96864       146
  -1.71395    2.42389    0                1  Fe         2.96864        76
   1.71395   -2.42389    0                1  Fe         2.96864       124
  -2.57092   -1e-08     -1.48432          1  Fe         2.96864        49
   2.57092    1e-08      1.48432          1  Fe         2.96864       172
  -0.856974  -2.42389   -1.48432          1  Fe         2.96864         3
   0.856974   2.42389    1.48432          1  Fe         2.96864       181
  -1.71395    0.605972   2.96864          2  N          3.48104        79
  -2.57092   -1.81792    1.48432          2  N          3.48104        36
  -2.45e-07  -1.81792    2.96864          2  N          3.48104        27
   2.57092   -1.81792   -1.48432          2  N          3.48104       101
   3.42789    0.605972   2.2725e-06       2  N          3.48104       173
   2.57092   -1.81792    1.48432          2  N          3.48104       123
  -1.71395    0.605972  -2.96864          2  N          3.48104        50
  -0.856973   3.02986   -1.48432          2  N          3.48104        44
  -2.65e-07  -1.81792   -2.96864          2  N          3.48104         4
   1.71395    3.02986    2.2725e-06       2  N          3.48104       182
  -0.856973   3.02986    1.48432          2  N          3.48104        75
  -2.57092   -1.81792   -1.48432          2  N          3.48104        14
  -1.71395    2.42389   -2.96864          1  Fe         4.1983         45
   1.71395   -2.42389    2.96864          1  Fe         4.1983        122
  -1.71395    2.42389    2.96864          1  Fe         4.1983         74
   1.71395   -2.42389   -2.96864          1  Fe         4.1983        102
  -3.42789   -2.42389   -3.03e-06         1  Fe         4.1983         13
   3.42789    2.42389    3.03e-06         1  Fe         4.1983        168
   3.42789    0.605972  -2.96864          2  N          4.57498       140
  -4.28487    0.605972   1.48432          2  N          4.57499        91
   0.856973   0.605972  -4.45296          2  N          4.57499       152
   1.71395    3.02986   -2.96864          2  N          4.57499       147
  -3.42789    3.02986   -7.575e-07        2  N          4.57499        56
  -4.28487    0.605972  -1.48432          2  N          4.57499        62
   0.856974   0.605972   4.45297          2  N          4.57499       185
  -0.856974  -4.2418     1.48432          2  N          4.57499        31
   1.71395   -4.2418    -7.575e-07        2  N          4.57499       105
   3.42789    0.605972   2.96865          2  N          4.57499       171
   1.71395    3.02986    2.96865          2  N          4.57499       180
  -0.856974  -4.2418    -1.48432          2  N          4.57499         8
  -2.57092    1e-08      4.45296          1  Fe         5.14184        78
   2.57092   -1e-08     -4.45296          1  Fe         5.14184       141
  -3.42789   -2.42389    2.96864          1  Fe         5.14184        35
   3.42789    2.42389   -2.96864          1  Fe         5.14184       136
  -0.856974  -2.42389    4.45296          1  Fe         5.14184        26
   0.856974   2.42389   -4.45296          1  Fe         5.14184       148
  -4.28487    2.42389    1.48432          1  Fe         5.14184        88
   4.28487   -2.42389   -1.48432          1  Fe         5.14184        94
  -5.14184   -1e-08     -3.03e-06         1  Fe         5.14184        61
   5.14184    1e-08      3.03e-06         1  Fe         5.14184       161
  -4.28487    2.42389   -1.48432          1  Fe         5.14184        57
   4.28487   -2.42389    1.48432          1  Fe         5.14184       114
  -2.57092   -2e-08     -4.45297          1  Fe         5.14184        51
   2.57092    2e-08      4.45297          1  Fe         5.14184       170
  -0.856973   4.84778   -1.48432          1  Fe         5.14184        42
   0.856973  -4.84778    1.48432          1  Fe         5.14184       128
  -0.856974  -2.42389   -4.45297          1  Fe         5.14184         5
   0.856974   2.42389    4.45297          1  Fe         5.14184       179
  -1.71395   -4.84778   -3.03e-06         1  Fe         5.14184         7
   1.71395    4.84778    3.03e-06         1  Fe         5.14184       177
  -0.856973   4.84778    1.48432          1  Fe         5.14184        71
   0.856973  -4.84778   -1.48432          1  Fe         5.14184       106
  -3.42789   -2.42389   -2.96865          1  Fe         5.14184        15
   3.42789    2.42389    2.96865          1  Fe         5.14184       166
  -2.57092   -1.81792    4.45296          2  N          5.45374        34
   2.57092   -1.81792   -4.45296          2  N          5.45375       103
   5.14184   -1.81792    2.2725e-06       2  N          5.45375       115
   4.28487    3.02986   -1.48432          2  N          5.45375       135
  -3.42789    3.02986    2.96864          2  N          5.45375        87
  -0.856973   3.02986   -4.45296          2  N          5.45375        46
  -5.14184   -1.81792   -3.7875e-06       2  N          5.45375        21
   2.57092   -1.81792    4.45297          2  N          5.45375       121
  -3.42789    3.02986   -2.96864          2  N          5.45375        58
   1.71395   -4.2418     2.96864          2  N          5.45375       127
  -0.856973   3.02986    4.45297          2  N          5.45375        73
   1.71395   -4.2418    -2.96864          2  N          5.45375       107
  -3.42789   -4.2418    -3.7875e-06       2  N          5.45375        18
   4.28487    3.02986    1.48433          2  N          5.45375       167
  -2.57092   -1.81792   -4.45297          2  N          5.45375        16
   7.65e-07   5.45375    2.2725e-06       2  N          5.45375       190
  -5.14184    0          2.96864          1  Fe         5.93728        90
   5.14184    0         -2.96864          1  Fe         5.93728       132
  -2e-08     -2e-08     -5.93729          1  Fe         5.93729       153
   2e-08      2e-08      5.93729          1  Fe         5.93729       184
  -1.71395   -4.84778    2.96864          1  Fe         5.93729        30
   1.71395    4.84778   -2.96864          1  Fe         5.93729       144
  -3.42789    4.84778    0                1  Fe         5.93729        84
   3.42789   -4.84778    0                1  Fe         5.93729       119
  -5.14184   -2e-08     -2.96865          1  Fe         5.93729        63
   5.14184    2e-08      2.96865          1  Fe         5.93729       159
  -1.71395   -4.84778   -2.96865          1  Fe         5.93729         9
   1.71395    4.84778    2.96865          1  Fe         5.93729       175
  -4.28487    0.605972   4.45296          2  N          6.20936        89
  -5.14184   -1.81792    2.96864          2  N          6.20936        39
   5.14184   -1.81792   -2.96864          2  N          6.20936        95
   5.99881    0.605972  -1.48432          2  N          6.20936       131
  -1.71395    0.605972   5.93729          2  N          6.20936        77
  -2.35e-07  -1.81792    5.93729          2  N          6.20936        25
  -3.42789   -4.2418     2.96864          2  N          6.20936        37
  -0.856974  -4.2418     4.45296          2  N          6.20936        29
   4.28487   -4.2418    -1.48432          2  N          6.20936        97
   5.99881    0.605972   1.48433          2  N          6.20936       160
  -1.71395    0.605972  -5.93729          2  N          6.20936        52
   4.28487   -4.2418     1.48432          2  N          6.20936       118
   5.14184   -1.81792    2.96865          2  N          6.20936       113
   7.55e-07   5.45375   -2.96864          2  N          6.20936       155
  -2.75e-07  -1.81792   -5.93729          2  N          6.20936         6
   2.57092    5.45375   -1.48432          2  N          6.20936       143
  -2.57092    5.45375   -1.48432          2  N          6.20936        53
  -4.28487    0.605972  -4.45297          2  N          6.20936        64
  -2.57092    5.45375    1.48432          2  N          6.20936        83
  -5.14184   -1.81792   -2.96865          2  N          6.20936        23
  -0.856974  -4.2418    -4.45297          2  N          6.20937        10
   7.75e-07   5.45375    2.96865          2  N          6.20937       189
   2.57092    5.45375    1.48433          2  N          6.20937       176
  -3.42789   -4.2418    -2.96865          2  N          6.20937        20
  -4.28487    2.42389    4.45296          1  Fe         6.63809        86
   4.28487   -2.42389   -4.45296          1  Fe         6.63809        96
  -5.99881   -2.42389    1.48432          1  Fe         6.63809        40
   5.99881    2.42389   -1.48432          1  Fe         6.63809       130
  -1.71395    2.42389   -5.93729          1  Fe         6.63809        47
   1.71395   -2.42389    5.93729          1  Fe         6.63809       120
  -1.71395    2.42389    5.93729          1  Fe         6.63809        72
   1.71395   -2.42389   -5.93729          1  Fe         6.63809       104
  -0.856973   4.84778   -4.45296          1  Fe         6.63809        43
   0.856973  -4.84778    4.45296          1  Fe         6.63809       126
  -4.28487   -4.84778    1.48432          1  Fe         6.63809        38
   4.28487    4.84778   -1.48432          1  Fe         6.63809       134
  -4.28487    2.42389   -4.45297          1  Fe         6.63809        59
   4.28487   -2.42389    4.45297          1  Fe         6.63809       112
  -3.42789    4.84778   -2.96864          1  Fe         6.63809        54
   3.42789   -4.84778    2.96864          1  Fe         6.63809       117
  -3.42789    4.84778    2.96864          1  Fe         6.63809        82
   3.42789   -4.84778   -2.96864          1  Fe         6.63809        98
  -5.99881   -2.42389   -1.48433          1  Fe         6.63809        22
   5.99881    2.42389    1.48433          1  Fe         6.63809       156
  -0.856973   4.84778    4.45297          1  Fe         6.63809        70
   0.856973  -4.84778   -4.45297          1  Fe         6.63809       108
  -4.28487   -4.84778   -1.48433          1  Fe         6.63809        19
   4.28487    4.84778    1.48433          1  Fe         6.63809       162
   3.42789    0.605972  -5.93728          2  N          6.88251       142
   4.28487    3.02986   -4.45296          2  N          6.88251       137
   1.71395    3.02986   -5.93728          2  N          6.88251       149
  -5.99881    3.02986    1.48432          2  N          6.88252        92
  -6.85579    0.605972  -3.7875e-06       2  N          6.88252        68
  -5.99881    3.02986   -1.48432          2  N          6.88252        67
   3.42789    0.605972   5.93729          2  N          6.88252       169
   0.856972  -6.66569    1.48432          2  N          6.88252       129
   1.71395    3.02986    5.93729          2  N          6.88252       178
  -1.71395   -6.66569   -3.7875e-06       2  N          6.88252        11
   0.856972  -6.66569   -1.48432          2  N          6.88252       110
   4.28487    3.02986    4.45297          2  N          6.88252       165
  -3.42789   -2.42389    5.93728          1  Fe         7.27166        33
   3.42789    2.42389   -5.93728          1  Fe         7.27166       138
  -6.85579    2.42389   -3.03e-06         1  Fe         7.27166        66
   6.85579   -2.42389    3.03e-06         1  Fe         7.27166       111
  -3.42789   -2.42389   -5.93729          1  Fe         7.27166        17
   3.42789    2.42389    5.93729          1  Fe         7.27166       164
  -1.02e-06  -7.27166   -3.03e-06         1  Fe         7.27166         1
   1.02e-06   7.27166    3.03e-06         1  Fe         7.27166       188
   5.99881    0.605972  -4.45296          2  N          7.49545       133
  -6.85579    0.605972   2.96864          2  N          7.49545        93
   0.856973   0.605972  -7.42161          2  N          7.49546       154
   2.57092    5.45375   -4.45296          2  N          7.49546       145
  -3.42789    3.02986    5.93729          2  N          7.49546        85
   4.28487   -4.2418    -4.45296          2  N          7.49546        99
  -5.99881   -4.2418     1.48432          2  N          7.49546        41
   1.71395   -4.2418     5.93729          2  N          7.49546       125
   6.85579    3.02986    5.3025e-06       2  N          7.49546       157
   0.856974   0.605972   7.42161          2  N          7.49546       183
  -3.42789    3.02986   -5.93729          2  N          7.49546        60
  -2.57092    5.45375   -4.45296          2  N          7.49546        55
  -5.14184    5.45375   -7.575e-07        2  N          7.49546        65
   4.28487   -4.2418     4.45297          2  N          7.49546       116
  -6.85579    0.605972  -2.96865          2  N          7.49546        69
  -1.71395   -6.66569    2.96864          2  N          7.49546        32
   1.71395   -4.2418    -5.93729          2  N          7.49546       109
  -2.57092    5.45375    4.45297          2  N          7.49546        81
   3.42789   -6.66569   -7.575e-07        2  N          7.49546       100
   5.14184    5.45375    5.3025e-06       2  N          7.49546       163
   5.99881    0.605972   4.45297          2  N          7.49546       158
  -5.99881   -4.2418    -1.48433          2  N          7.49546        24
   2.57092    5.45375    4.45297          2  N          7.49546       174
  -1.71395   -6.66569   -2.96865          2  N          7.49546        12
END
