 comment: None given                            Feff8L (EXAFS)       0.1
 Source:
 Structure Summary:  Fe1 N1
 Reduced formula:  FeN
 space group: (F-43m), space number:  (216)
 abc:  2.968644   2.968645   2.968643
 angles: 59.999985  59.999973  59.999987
 sites: 2
 mp-6988
 POT  Non-SCF, core-hole, AFOLP (folp(0)= 1.150)
 Abs   Z=26 Rmt= 1.146 Rnm= 1.274 K  shell
 Pot 1 Z=26 Rmt= 1.149 Rnm= 1.281
 Pot 2 Z= 7 Rmt= 0.943 Rnm= 1.050
 Gam_ch=1.309E+00 H-L exch
 Mu=-2.963E+00 kf=2.438E+00 Vint=-2.562E+01 Rs_int= 1.487
 PATH  Rmax= 6.000,  Keep_limit= 0.00, Heap_limit 0.00  Pwcrit= 2.50%
 -----------------------------------------------------------------------
    file        sig2   amp ratio    deg    nlegs  r effective
 feff0001.dat 0.00000   100.000     4.000     2   1.8179
 feff0002.dat 0.00000   118.900    12.000     2   2.9686
 feff0003.dat 0.00000    17.920    12.000     3   3.3022
 feff0004.dat 0.00000    43.320    24.000     3   3.3022
 feff0005.dat 0.00000    68.840    12.000     2   3.4810
 feff0006.dat 0.00000     5.497     4.000     4   3.6358
 feff0007.dat 0.00000     8.340    12.000     4   3.6358
 feff0008.dat 0.00000     7.042    12.000     4   3.6358
 feff0009.dat 0.00000    10.530    48.000     3   4.1338
 feff0010.dat 0.00000    27.140    48.000     3   4.1338
 feff0011.dat 0.00000    38.450    48.000     3   4.1338
 feff0012.dat 0.00000    25.420     6.000     2   4.1983
 feff0013.dat 0.00000    10.260    48.000     3   4.4530
 feff0014.dat 0.00000     8.232    48.000     4   4.4674
 feff0015.dat 0.00000    34.990    12.000     2   4.5750
 feff0016.dat 0.00000    19.390    24.000     3   4.6808
 feff0017.dat 0.00000    47.210    24.000     3   4.6808
 feff0018.dat 0.00000    35.140    24.000     3   4.6808
 feff0019.dat 0.00000     7.356    24.000     3   4.7486
 feff0020.dat 0.00000     6.714    24.000     3   4.7486
 feff0021.dat 0.00000     7.558    24.000     3   4.7486
 feff0022.dat 0.00000     8.682    24.000     4   4.7866
 feff0023.dat 0.00000    10.330    24.000     4   4.7866
 feff0024.dat 0.00000     4.922    24.000     4   4.7866
 feff0025.dat 0.00000    11.440    12.000     4   4.7866
 feff0026.dat 0.00000     6.486    48.000     4   4.7866
 feff0027.dat 0.00000    20.070    12.000     4   4.7866
 feff0028.dat 0.00000     8.076    24.000     4   4.7866
 feff0029.dat 0.00000     9.611    12.000     4   4.7866
 feff0032.dat 0.00000     5.075    24.000     4   4.7866
 feff0033.dat 0.00000    25.040    24.000     4   4.7866
 feff0034.dat 0.00000    12.020    72.000     3   4.9654
 feff0035.dat 0.00000     8.057    36.000     3   4.9654
 feff0036.dat 0.00000     4.719    24.000     4   5.0144
 feff0037.dat 0.00000     9.867    24.000     4   5.0144
 feff0038.dat 0.00000     8.522    48.000     3   5.0678
 feff0039.dat 0.00000     4.479    48.000     5   5.1202
 feff0040.dat 0.00000     8.391    24.000     5   5.1202
 feff0041.dat 0.00000     8.026    24.000     5   5.1202
 feff0046.dat 0.00000    59.430    24.000     2   5.1418
 feff0047.dat 0.00000    27.040    24.000     3   5.2204
 feff0048.dat 0.00000    33.180    24.000     3   5.2204
 feff0049.dat 0.00000    26.400    24.000     3   5.2204
 feff0050.dat 0.00000    15.180    24.000     4   5.2990
 feff0051.dat 0.00000     3.726    24.000     4   5.2990
 feff0052.dat 0.00000    12.380    12.000     4   5.2990
 feff0053.dat 0.00000    10.570    48.000     4   5.2990
 feff0054.dat 0.00000     2.696    24.000     4   5.2990
 feff0055.dat 0.00000    10.190    12.000     4   5.2990
 feff0056.dat 0.00000    29.570    16.000     2   5.4537
 feff0057.dat 0.00000     3.245    48.000     3   5.5123
 feff0058.dat 0.00000    12.260    48.000     3   5.5123
 feff0059.dat 0.00000     7.050    48.000     3   5.5123
 feff0060.dat 0.00000     8.497    48.000     3   5.5396
 feff0061.dat 0.00000    21.900    96.000     3   5.5396
 feff0062.dat 0.00000     5.755    48.000     4   5.6181
 feff0063.dat 0.00000    12.350    48.000     4   5.6181
 feff0064.dat 0.00000     4.314    48.000     4   5.6181
 feff0065.dat 0.00000    12.920    48.000     4   5.6181
 feff0066.dat 0.00000     3.450    48.000     4   5.6181
 feff0067.dat 0.00000     4.622    48.000     4   5.6181
 feff0068.dat 0.00000     4.265    48.000     4   5.6181
 feff0069.dat 0.00000     7.539    48.000     4   5.6181
 feff0070.dat 0.00000     5.951    48.000     4   5.6181
 feff0071.dat 0.00000     2.881    48.000     4   5.6181
 feff0072.dat 0.00000     6.338    24.000     3   5.7350
 feff0073.dat 0.00000    11.830    24.000     3   5.7350
 feff0074.dat 0.00000    10.630    24.000     3   5.7350
 feff0075.dat 0.00000     7.696    48.000     3   5.7674
 feff0076.dat 0.00000     6.585    48.000     3   5.7674
 feff0077.dat 0.00000     7.010    48.000     3   5.7674
 feff0078.dat 0.00000     8.646    48.000     4   5.8459
 feff0079.dat 0.00000     3.127    48.000     4   5.8459
 feff0080.dat 0.00000     3.945    48.000     4   5.8459
 feff0081.dat 0.00000     4.511    48.000     4   5.8459
 feff0082.dat 0.00000     6.058    48.000     4   5.8459
 feff0083.dat 0.00000     4.455    48.000     4   5.8459
 feff0084.dat 0.00000     3.030    48.000     4   5.8459
 feff0085.dat 0.00000     8.266    48.000     4   5.8732
 feff0086.dat 0.00000     5.106    48.000     4   5.8732
 feff0087.dat 0.00000     4.100    48.000     4   5.8732
 feff0088.dat 0.00000     5.127    48.000     4   5.8732
 feff0089.dat 0.00000     3.409    48.000     4   5.8732
 feff0090.dat 0.00000     3.065    48.000     4   5.8732
 feff0091.dat 0.00000     4.011    48.000     4   5.8732
 feff0092.dat 0.00000     6.240    48.000     4   5.8732
 feff0093.dat 0.00000    19.920    12.000     2   5.9373
 feff0094.dat 0.00000     7.290    12.000     3   5.9373
 feff0095.dat 0.00000    50.820    24.000     3   5.9373
 feff0096.dat 0.00000     8.704    12.000     4   5.9373
 feff0097.dat 0.00000     2.979    12.000     4   5.9373
 feff0099.dat 0.00000    37.250    12.000     4   5.9373
 feff0100.dat 0.00000     3.005    48.000     4   5.9373
 feff0101.dat 0.00000     8.774    72.000     3   5.9517
 feff0102.dat 0.00000    17.160    72.000     3   5.9517
 feff0103.dat 0.00000    18.560    72.000     3   5.9517
 feff0105.dat 0.00000     3.152    48.000     5   5.9517
 feff0106.dat 0.00000     4.897    48.000     5   5.9517
 feff0107.dat 0.00000     2.863    48.000     5   5.9517
 feff0109.dat 0.00000     3.543    48.000     5   5.9517
 feff0110.dat 0.00000     5.658    48.000     5   5.9517
